81
-5 0 0.000779393720325675
-4 -3 0.000779393720325675
-4 -2 0.00107886216278575
-4 -1 0.00136522203356197
-4 0 0.00149001740650497
-4 1 0.00136522203356197
-4 2 0.00107886216278575
-4 3 0.000779393720325675
-3 -4 0.000779393720325675
-3 -3 0.0012569280005499
-3 -2 0.00200724573029205
-3 -1 0.00291277923212711
-3 0 0.00337737278807793
-3 1 0.00291277923212711
-3 2 0.00200724573029205
-3 3 0.0012569280005499
-3 4 0.000779393720325675
-2 -4 0.00107886216278575
-2 -3 0.00200724573029205
-2 -2 0.00398027200174136
-2 -1 0.00755203513950023
-2 0 0.0101321183642338
-2 1 0.00755203513950023
-2 2 0.00398027200174136
-2 3 0.00200724573029205
-2 4 0.00107886216278575
-1 -4 0.00136522203356197
-1 -3 0.00291277923212711
-1 -2 0.00755203513950023
-1 -1 0.0238816320104482
-1 0 0.0506605918211689
-1 1 0.0238816320104482
-1 2 0.00755203513950023
-1 3 0.00291277923212711
-1 4 0.00136522203356197
0 -5 0.000779393720325675
0 -4 0.00149001740650497
0 -3 0.00337737278807793
0 -2 0.0101321183642338
0 -1 0.0506605918211689
0 0 1
0 1 0.0506605918211689
0 2 0.0101321183642338
0 3 0.00337737278807793
0 4 0.00149001740650497
0 5 0.000779393720325675
1 -4 0.00136522203356197
1 -3 0.00291277923212711
1 -2 0.00755203513950023
1 -1 0.0238816320104482
1 0 0.0506605918211689
1 1 0.0238816320104482
1 2 0.00755203513950023
1 3 0.00291277923212711
1 4 0.00136522203356197
2 -4 0.00107886216278575
2 -3 0.00200724573029205
2 -2 0.00398027200174136
2 -1 0.00755203513950023
2 0 0.0101321183642338
2 1 0.00755203513950023
2 2 0.00398027200174136
2 3 0.00200724573029205
2 4 0.00107886216278575
3 -4 0.000779393720325675
3 -3 0.0012569280005499
3 -2 0.00200724573029205
3 -1 0.00291277923212711
3 0 0.00337737278807793
3 1 0.00291277923212711
3 2 0.00200724573029205
3 3 0.0012569280005499
3 4 0.000779393720325675
4 -3 0.000779393720325675
4 -2 0.00107886216278575
4 -1 0.00136522203356197
4 0 0.00149001740650497
4 1 0.00136522203356197
4 2 0.00107886216278575
4 3 0.000779393720325675
5 0 0.000779393720325675
