inst/extdata/outputs/jambulina_test_Env_1_final_Z.asc
ncols         100
nrows         79
xllcorner     148.06
yllcorner     -21.49
cellsize      0.01
NODATA_value  -9999
[rows 0 to 31 of 79, columns 0 to 71 of 100]
-9999 -9999 -9999 -9999 -9999 -9999 -9999 -9999 -9999 -9999 -9999 -9999 -9999 -9999 -9999 -9999 -9999 -9999 -9999 -9999 -9999 -9999 -9999 -9999 -9999 39.708 -9999 39.6935 39.5471 39.4195 39.0239 38.6687 38.8019 38.7748 38.6347 38.4471 38.429 38.3273 38.5012 38.8844 39.2087 39.2945 39.2985 -9999 39.448 39.4974 39.5641 39.578 -9999 39.5601 -9999 -9999 -9999 -9999 39.4948 39.4707 39.4527 39.4437 39.4203 39.4122 39.3894 -9999 39.3507 -9999 -9999 -9999 -9999 -9999 -9999 -9999 -9999 -9999
-9999 -9999 -9999 -9999 -9999 -9999 -9999 -9999 -9999 -9999 -9999 -9999 -9999 -9999 -9999 -9999 -9999 -9999 -9999 -9999 -9999 39.6094 -9999 39.653 -9999 39.6185 39.5884 39.5584 39.4961 39.5792 39.1382 38.8471 39.0766 38.8975 38.8628 38.6286 38.5579 38.6151 38.8559 39.0914 39.6508 39.3012 39.3149 -9999 -9999 39.4864 39.5608 39.7463 39.6395 39.5652 39.5539 -9999 -9999 -9999 39.5098 39.4408 39.4515 -9999 -9999 39.4021 39.3838 39.3481 39.3255 -9999 39.3507 -9999 -9999 -9999 -9999 -9999 -9999 -9999
-9999 -9999 -9999 -9999 -9999 -9999 -9999 -9999 -9999 -9999 -9999 -9999 -9999 -9999 -9999 -9999 -9999 -9999 -9999 39.5753 -9999 39.6128 39.618 39.6201 -9999 39.6021 39.5893 39.5673 39.617 39.5787 39.5966 39.124 39.2091 38.8393 38.8378 38.6751 38.583 38.5086 38.6779 38.852 39.3181 39.7647 39.3181 -9999 -9999 39.4147 39.4761 39.5106 39.2245 39.7637 -9999 -9999 39.5718 39.5724 39.557 39.4543 39.4464 39.4358 39.4111 39.4324 39.3845 39.3628 -9999 39.3526 -9999 -9999 -9999 -9999 -9999 -9999 -9999 -9999
-9999 -9999 -9999 -9999 -9999 -9999 -9999 -9999 -9999 -9999 -9999 -9999 -9999 -9999 -9999 -9999 -9999 -9999 -9999 -9999 39.5833 39.5916 39.6062 -9999 39.6209 -9999 39.594 39.752 39.6497 39.3175 39.5537 39.5841 39.2004 38.8097 38.7491 38.5768 38.6191 38.5388 38.5184 38.4298 38.7162 39.5056 -9999 39.3359 -9999 39.3991 39.41 39.3984 39.2588 39.7118 39.4961 39.5442 -9999 39.6202 39.6976 39.4935 39.4457 39.4357 39.426 39.3784 39.3752 39.3688 39.359 39.353 -9999 39.3413 -9999 -9999 -9999 -9999 -9999 -9999
-9999 -9999 -9999 -9999 -9999 -9999 -9999 -9999 -9999 -9999 -9999 -9999 -9999 -9999 -9999 -9999 -9999 -9999 -9999 -9999 39.5711 -9999 39.5995 39.6008 39.6015 39.538 -9999 39.6456 39.6176 39.3857 39.5424 39.4547 39.2542 38.8843 38.8711 38.8519 38.8674 38.7276 38.6114 38.4937 38.4275 39.0819 39.7184 39.3731 39.5893 39.2939 -9999 39.3494 -9999 39.3018 39.4 -9999 39.8163 39.7314 39.6413 39.4498 39.409 39.4305 39.2114 39.3739 39.4119 39.3835 39.3518 -9999 39.3351 -9999 -9999 -9999 -9999 -9999 39.3631 -9999
-9999 -9999 -9999 -9999 -9999 -9999 -9999 -9999 -9999 -9999 -9999 -9999 -9999 -9999 -9999 -9999 -9999 -9999 39.4781 39.4945 39.542 39.5302 -9999 39.5965 39.6206 39.7525 39.5354 39.4438 39.4366 38.9538 39.1989 39.4774 39.5204 39.2757 39.1537 39.1534 38.8393 38.8274 38.743 38.5801 38.5007 39.0017 -9999 -9999 39.6793 38.9162 39.3363 39.4627 39.1043 38.9665 39.3798 39.5773 39.8139 39.7877 39.6626 39.4404 39.2114 39.1199 39.1751 39.3948 39.3696 39.3408 39.3358 39.3256 39.3272 -9999 -9999 -9999 -9999 -9999 39.362 39.363
-9999 -9999 -9999 -9999 -9999 -9999 -9999 -9999 -9999 -9999 -9999 -9999 -9999 -9999 -9999 -9999 -9999 -9999 39.4493 39.4659 39.4757 39.4939 39.5537 39.5771 39.5886 39.5777 39.5364 39.6194 39.4416 39.0366 38.936 38.9512 39.2806 39.444 39.2005 39.1592 38.9174 38.6878 38.7352 38.65 38.6057 38.9627 39.5375 -9999 39.7133 39.0741 39.0805 39.6249 39.3813 39.2872 39.4269 39.8136 39.757 39.6404 39.7384 39.4127 39.22 39.2145 39.3928 39.4114 39.1695 39.3174 39.377 39.2978 39.3247 39.3417 39.3511 -9999 -9999 39.367 -9999 -9999
-9999 -9999 -9999 -9999 -9999 -9999 -9999 -9999 -9999 -9999 -9999 -9999 -9999 -9999 -9999 -9999 -9999 -9999 39.4259 39.4293 39.4068 39.4229 39.5043 39.6718 -9999 39.5497 39.7448 39.5619 39.4678 39.0983 38.7886 38.8671 38.8407 38.9914 39.113 38.9838 38.9888 38.8318 38.6064 38.6695 38.7108 38.834 39.2434 39.4153 39.6361 38.9498 38.8191 39.6307 39.3773 39.406 39.3522 39.4413 39.6369 39.6091 39.6025 39.5142 39.4206 39.3932 39.3964 39.4644 39.2241 39.3826 39.2028 39.2153 39.3539 39.3447 39.3537 39.3693 39.3706 39.3656 39.3622 39.3623
-9999 -9999 -9999 -9999 -9999 -9999 -9999 -9999 -9999 -9999 -9999 -9999 -9999 -9999 -9999 -9999 -9999 -9999 39.4229 39.4281 39.4076 39.2476 39.4467 39.5531 39.5397 39.5077 39.5898 39.1372 39.1609 39.1342 38.9407 38.8651 38.757 38.8681 39.0452 38.9005 38.8769 38.8662 38.6556 38.5833 38.6186 38.6519 38.8528 39.2748 39.4551 38.9455 38.8215 39.4411 39.4145 39.798 39.4336 39.009 39.4032 39.7963 39.8111 39.7256 39.5252 39.4472 39.39 39.3633 39.2316 39.2226 39.2136 39.3133 39.3558 39.368 39.3663 39.3808 39.38 39.3697 39.354 39.3643
-9999 -9999 -9999 -9999 -9999 -9999 -9999 -9999 -9999 -9999 -9999 -9999 -9999 -9999 -9999 -9999 -9999 39.4057 -9999 -9999 39.4203 39.21 39.4408 39.7793 39.5379 39.4794 39.5366 39.5841 39.2578 39.0694 38.8087 38.7204 38.8419 38.8599 38.8944 38.8245 38.7731 38.8363 38.7151 38.5579 38.5612 38.4761 38.6109 38.8823 38.901 38.8018 39.0935 39.4222 39.7843 39.7896 39.7735 39.2357 39.3461 39.5319 39.625 39.6637 39.5176 39.429 39.3999 39.4135 39.2205 39.2248 39.2238 39.3422 39.3628 39.3311 39.3701 39.4287 39.3987 39.3561 39.3558 -9999
-9999 -9999 -9999 -9999 -9999 -9999 -9999 -9999 -9999 -9999 -9999 -9999 -9999 -9999 -9999 -9999 -9999 -9999 39.4408 -9999 39.4744 39.529 39.556 39.5614 39.5176 39.4636 39.6035 39.2255 38.907 38.9358 38.8677 38.8656 39.0298 38.9206 38.7766 38.7352 38.8373 38.771 38.6821 38.5684 38.5765 38.5319 38.4813 38.5942 38.6858 38.7469 38.8134 39.4098 39.5281 39.4363 39.3443 39.6826 39.5502 39.5566 39.775 39.723 -9999 39.4279 39.3958 39.4071 39.3725 39.3946 39.4013 39.3937 39.3999 39.3947 39.3179 39.3976 39.4616 39.3882 39.3557 39.3682
-9999 -9999 -9999 -9999 -9999 -9999 -9999 -9999 -9999 -9999 -9999 -9999 -9999 -9999 -9999 -9999 -9999 -9999 -9999 39.4914 -9999 39.568 39.6215 39.5574 -9999 39.4739 39.4891 39.0273 38.8958 38.9721 38.9734 38.9649 39.0694 38.9143 38.8801 38.8653 38.7981 38.6664 38.781 38.8304 38.7204 38.6189 38.5323 38.6035 38.7188 38.8127 38.7538 38.8868 39.0192 38.9672 39.2246 39.2701 39.606 39.7247 39.7107 39.6219 39.5828 39.4166 39.3692 39.467 39.4856 39.4847 39.4782 39.509 -9999 39.5153 39.45 39.3668 39.4167 39.3941 39.355 39.3638
-9999 -9999 -9999 -9999 -9999 -9999 -9999 -9999 -9999 -9999 -9999 -9999 -9999 -9999 -9999 -9999 -9999 -9999 -9999 -9999 39.5362 39.5527 -9999 39.5489 39.5149 39.5023 39.7665 39.5821 39.3127 39.2351 39.2603 39.1817 39.1502 38.9536 38.8614 38.7694 38.653 38.8123 38.9112 38.8948 38.6457 38.6135 38.5354 38.4949 38.7342 38.886 38.7513 38.5702 38.4734 38.4905 38.9454 39.016 39.3697 -9999 39.6324 39.581 39.5021 39.6035 39.5969 39.5412 39.7672 39.6584 39.565 39.514 39.5644 39.4741 39.4372 39.4326 39.4982 39.4111 39.3811 39.3861
-9999 -9999 -9999 -9999 -9999 -9999 -9999 -9999 -9999 -9999 -9999 -9999 -9999 -9999 -9999 -9999 39.5258 -9999 -9999 -9999 39.5403 39.546 39.5486 39.535 -9999 39.4785 39.4224 39.1861 38.9824 39.2671 39.3844 39.3623 39.0081 38.9555 38.9305 38.9466 38.8865 38.7869 38.9439 39.1402 38.9135 38.8223 38.7345 38.6129 38.857 38.9247 38.7738 38.5996 38.4475 38.3423 38.4541 38.5918 38.9866 39.3607 39.3506 39.4831 39.3945 39.4978 39.508 39.6068 39.7683 39.766 39.6472 39.5215 -9999 39.4875 39.4654 39.4439 39.4385 -9999 39.4055 39.3988
-9999 -9999 -9999 -9999 -9999 -9999 -9999 -9999 -9999 -9999 -9999 -9999 -9999 -9999 -9999 -9999 -9999 39.5276 -9999 -9999 39.5444 39.5367 -9999 -9999 39.5426 39.7798 39.7604 39.4141 39.3668 39.5746 39.5538 39.3378 39.1631 39.2506 39.2323 38.9234 39.1036 38.8094 38.9232 39.1949 39.186 39.1005 38.8733 38.718 38.8834 38.9586 38.8392 38.632 38.4822 38.4112 38.5057 38.4493 38.6624 39.0376 39.4377 39.4652 39.2252 39.477 39.6536 39.3469 39.386 39.5798 39.5126 39.5037 39.5035 39.498 39.4888 39.4616 39.435 39.4224 39.4191 39.4155
-9999 -9999 -9999 -9999 -9999 -9999 -9999 -9999 -9999 -9999 -9999 -9999 -9999 -9999 -9999 -9999 39.5376 -9999 -9999 -9999 -9999 39.5258 -9999 -9999 39.4696 39.5053 39.7445 39.4465 39.6724 39.5784 39.4912 39.2746 39.1714 39.5155 39.3672 39.2601 39.2577 39.0885 38.9323 39.1883 39.2594 38.9729 38.761 38.5421 38.608 38.9176 38.8158 38.6296 38.4916 38.5518 38.5201 38.5766 38.541 38.8325 39.375 39.6922 39.3013 39.281 39.5228 38.9954 39.2859 39.4279 39.4539 39.4669 39.4959 39.5086 39.5071 39.4802 -9999 39.426 39.4251 -9999
-9999 -9999 -9999 -9999 -9999 -9999 -9999 -9999 -9999 -9999 -9999 -9999 -9999 -9999 -9999 -9999 -9999 -9999 -9999 -9999 -9999 -9999 -9999 -9999 39.3874 39.4034 39.2249 39.3739 39.5878 39.2831 39.213 38.9564 39.1935 39.5722 39.5431 39.3684 39.3819 39.2396 39.1203 39.1951 39.2613 38.9124 38.7335 38.793 38.8851 38.9222 38.6018 38.403 38.3386 38.5925 38.663 38.6444 38.5641 38.6348 39.1435 39.598 39.6149 39.3219 39.3689 39.0381 39.0474 39.0681 39.3808 39.4759 39.5198 -9999 -9999 -9999 -9999 39.438 -9999 -9999
-9999 -9999 -9999 -9999 -9999 -9999 -9999 -9999 -9999 -9999 -9999 -9999 -9999 -9999 -9999 -9999 -9999 -9999 -9999 -9999 -9999 -9999 39.4059 -9999 39.3664 39.3199 39.1049 39.1175 39.3341 39.1253 39.1852 39.5011 39.565 39.6967 39.6549 39.5593 39.3212 38.9943 39.1907 39.2658 39.3811 39.2459 39.2162 39.1827 39.1862 39.0071 38.5976 38.3305 38.1948 38.6728 38.7119 38.5839 38.5262 38.5454 38.8735 39.4783 39.4416 39.3971 39.4439 39.3554 39.2668 39.3774 39.5947 39.511 39.7306 39.5593 39.509 39.4792 39.4629 39.4442 -9999 -9999
-9999 -9999 -9999 -9999 -9999 -9999 -9999 -9999 -9999 -9999 -9999 -9999 -9999 -9999 -9999 -9999 -9999 -9999 -9999 -9999 -9999 39.4077 -9999 39.3819 39.3533 39.2714 39.1087 39.1714 39.5018 39.2801 39.4046 39.6383 39.7748 39.709 39.6055 39.5406 39.3019 39.2088 39.3969 39.4203 39.4308 39.3985 39.3574 39.1479 38.8675 38.8479 38.8804 38.8132 38.4972 38.7709 38.4999 38.4976 38.5594 38.6199 39.0528 39.4776 39.3905 39.1919 39.3597 39.5301 39.5691 39.5768 39.595 39.4936 39.502 -9999 -9999 39.4806 39.4685 -9999 39.4115 -9999
-9999 -9999 -9999 -9999 -9999 -9999 -9999 -9999 -9999 -9999 -9999 -9999 -9999 -9999 -9999 -9999 -9999 -9999 -9999 -9999 -9999 -9999 39.394 39.3821 39.365 39.3446 39.2678 39.3848 39.5208 39.3941 39.7189 39.6892 39.5888 39.587 39.7686 39.6555 39.2702 39.3314 39.4199 39.4165 39.4271 39.3756 39.3794 39.1772 39.1435 39.1166 38.91 38.8133 38.8659 38.8403 38.6245 38.6264 38.5511 38.5796 38.9888 39.3723 39.5413 39.4324 39.4756 39.3868 39.629 39.4429 39.6225 39.4118 39.4573 39.4782 39.4866 39.5204 39.4692 39.4117 39.389 39.3554
-9999 -9999 -9999 -9999 -9999 -9999 -9999 -9999 -9999 -9999 -9999 -9999 -9999 -9999 -9999 -9999 -9999 -9999 -9999 -9999 -9999 39.433 -9999 39.384 39.4254 39.4619 39.7626 39.5224 39.5925 39.6234 39.5539 -9999 39.541 -9999 39.5457 39.6574 39.5953 39.5862 39.4229 39.543 39.3679 39.1311 39.1925 39.214 39.2279 39.2309 38.8481 38.5662 38.5951 38.8266 38.8365 38.7091 38.6468 38.4457 38.7772 39.1242 39.4594 39.3222 39.3205 39.4839 39.4221 39.28 39.4436 39.4614 39.5134 39.5055 39.498 39.4696 39.4281 39.3748 39.3666 -9999
-9999 -9999 -9999 -9999 -9999 -9999 -9999 -9999 -9999 -9999 -9999 -9999 -9999 -9999 -9999 -9999 -9999 -9999 -9999 -9999 39.4853 -9999 -9999 39.4503 39.4937 39.5248 39.5746 39.7131 39.6494 -9999 39.5763 39.5698 39.5217 39.5263 39.4984 39.5521 39.695 39.3471 39.2069 39.3167 39.2051 39.2275 39.1141 38.8535 38.878 39.1518 38.8934 38.5648 38.3299 38.6613 38.6368 38.5359 38.6833 38.3371 38.5663 38.9896 39.353 38.9137 38.8496 39.3346 38.9348 38.9111 39.0696 39.4123 39.4048 39.6174 39.652 39.4706 39.4953 39.363 39.349 39.3114
-9999 -9999 -9999 -9999 -9999 -9999 -9999 -9999 -9999 -9999 -9999 -9999 -9999 -9999 -9999 -9999 -9999 -9999 -9999 -9999 -9999 -9999 -9999 -9999 39.5886 39.6147 -9999 39.6198 39.6046 39.5863 39.5953 39.764 39.4881 39.3033 39.2578 39.2938 39.2596 39.1072 39.0829 39.0744 38.9286 38.8111 38.9713 38.8219 38.7111 38.9974 39.1236 39.0183 38.6243 38.5079 38.4195 38.6191 38.5127 38.5484 38.4394 38.6087 39.0681 39.2259 38.8283 38.8581 38.8377 38.9509 39.2765 39.4358 38.9641 39.359 39.5213 39.5397 39.3748 39.1352 39.2543 39.2957
-9999 -9999 -9999 -9999 -9999 -9999 -9999 -9999 -9999 -9999 -9999 -9999 -9999 -9999 -9999 -9999 -9999 -9999 -9999 39.5654 -9999 -9999 -9999 39.6273 39.763 39.6491 -9999 -9999 39.6134 39.5964 39.5929 39.5586 39.2714 39.3466 39.512 39.2915 38.9271 38.8616 39.0755 38.8809 38.7803 38.5116 38.6539 38.8239 38.5382 38.7888 38.9011 38.8826 38.807 38.6464 38.3391 38.5121 38.6245 38.6541 38.6134 38.5285 38.7862 38.7721 38.9198 38.6211 38.7901 39.0781 39.1495 39.2872 38.9003 39.3833 39.4458 39.6724 39.4473 38.9837 39.2383 39.2762
-9999 -9999 -9999 -9999 -9999 -9999 -9999 -9999 -9999 -9999 -9999 -9999 -9999 -9999 -9999 -9999 -9999 -9999 -9999 -9999 -9999 -9999 -9999 -9999 -9999 39.6413 -9999 -9999 -9999 -9999 -9999 39.7718 39.7696 39.4831 39.6427 39.495 39.299 38.8867 38.8759 38.8252 38.5345 38.4279 38.5105 38.7877 38.4875 38.5396 38.5811 38.8581 38.8742 38.8794 38.6533 38.5345 38.5331 38.4856 38.6348 38.5326 38.5339 38.4577 38.8178 38.9167 38.8194 39.0091 39.3322 39.3017 39.452 39.4076 39.4634 39.6355 39.3259 39.1262 39.255 39.2837
-9999 -9999 -9999 -9999 -9999 -9999 -9999 -9999 -9999 -9999 -9999 -9999 -9999 -9999 -9999 -9999 -9999 -9999 -9999 -9999 -9999 -9999 -9999 -9999 -9999 -9999 -9999 -9999 -9999 39.5758 39.5733 -9999 -9999 39.6924 39.5547 39.3934 39.3326 38.8819 38.6541 38.7389 38.4294 38.5981 38.6698 38.797 38.6506 38.468 38.2438 38.5076 38.7533 38.739 38.5633 38.429 38.3207 38.2065 38.4777 38.5701 38.4951 38.5287 38.7994 39.3342 39.1476 39.1682 39.2196 39.6146 39.4193 39.6624 39.6493 39.4774 39.116 39.1404 39.2298 39.3331
-9999 -9999 -9999 -9999 -9999 -9999 -9999 -9999 -9999 -9999 -9999 -9999 -9999 -9999 -9999 -9999 -9999 39.5654 -9999 -9999 -9999 -9999 -9999 -9999 -9999 -9999 -9999 -9999 39.5822 39.5685 -9999 39.4138 39.7682 39.5307 39.3372 38.9765 38.9564 38.9625 38.7848 38.5322 38.4238 38.5133 38.4985 38.6738 38.5096 38.343 38.2319 38.2164 38.4091 38.5196 38.6406 38.192 38.1639 38.3109 38.4254 38.5528 38.5565 38.6384 39.021 39.2764 39.4114 -9999 39.5325 39.3875 39.3991 39.4372 39.4668 39.4387 39.3476 39.4388 39.4429 39.3735
-9999 -9999 -9999 -9999 -9999 -9999 -9999 -9999 -9999 -9999 -9999 -9999 -9999 -9999 -9999 -9999 -9999 39.5654 -9999 -9999 -9999 -9999 -9999 -9999 -9999 -9999 -9999 -9999 -9999 39.5751 39.639 39.5921 39.7297 39.3704 39.1147 38.8886 38.8739 38.8568 38.8005 38.5286 38.441 38.4852 38.4257 38.5588 38.4689 38.3521 38.251 38.2002 38.2277 38.3172 38.4361 38.1414 38.1168 38.1526 38.3981 38.5249 38.4359 38.5323 38.7139 38.87 39.4029 39.2939 39.6929 39.3931 39.3557 39.2641 39.373 39.4232 39.3871 39.3878 39.3894 39.4897
-9999 -9999 -9999 -9999 -9999 -9999 -9999 -9999 -9999 -9999 -9999 -9999 -9999 -9999 -9999 -9999 -9999 -9999 -9999 -9999 -9999 -9999 -9999 -9999 -9999 -9999 -9999 -9999 39.5741 -9999 39.5523 39.6822 39.4539 39.1297 38.9313 38.8261 38.7418 38.7817 38.7416 38.6505 38.5501 38.5667 38.5236 38.4885 38.4887 38.4769 38.5082 38.4236 38.5538 38.5282 38.4479 38.1735 38.3134 38.2196 38.3185 38.4483 38.4111 38.4494 38.4845 38.9257 39.2818 39.0616 39.4901 39.627 39.4099 39.1522 39.2378 39.4784 39.4141 39.3933 39.3976 39.4051
-9999 -9999 -9999 -9999 -9999 -9999 -9999 -9999 -9999 -9999 -9999 -9999 -9999 -9999 -9999 -9999 -9999 -9999 -9999 -9999 -9999 -9999 -9999 -9999 -9999 -9999 -9999 39.5538 -9999 39.5671 39.6949 39.2453 39.1372 38.986 38.917 38.8609 38.839 38.7374 38.578 38.692 38.972 39.0329 38.7755 38.5026 38.6812 38.7114 38.8347 38.7871 38.6611 38.6524 38.5477 38.4713 38.4082 38.1853 38.313 38.1968 38.1553 38.3992 38.4561 38.8284 39.0528 38.8822 38.9686 39.3085 39.3464 39.3149 39.2967 39.4916 39.4515 -9999 -9999 39.4047
-9999 -9999 -9999 -9999 -9999 -9999 -9999 -9999 -9999 -9999 -9999 -9999 -9999 -9999 -9999 -9999 -9999 -9999 -9999 -9999 -9999 -9999 -9999 -9999 -9999 -9999 -9999 -9999 -9999 39.588 39.5453 39.4204 39.386 38.9832 38.9663 38.8269 38.8939 38.8355 38.9243 38.8901 39.3246 39.3367 39.2416 39.0629 38.9831 38.8189 38.5933 38.5916 38.5942 38.5364 38.4426 38.4933 38.2371 38.1872 38.1498 38.1614 37.9525 38.1797 38.1918 38.6126 38.8225 38.5723 38.691 39.0513 39.3033 39.5746 39.3622 39.7247 -9999 39.4407 -9999 -9999
-9999 -9999 -9999 -9999 -9999 -9999 -9999 -9999 -9999 -9999 -9999 -9999 -9999 -9999 -9999 -9999 -9999 -9999 -9999 -9999 -9999 -9999 -9999 -9999 -9999 -9999 -9999 39.4931 39.5945 39.7687 39.7402 39.7356 39.4053 39.2983 39.4353 39.1463 39.3773 39.4447 39.4368 39.4466 39.3545 39.0063 38.8638 38.7786 38.7514 38.5895 38.4835 38.5181 38.4996 38.491 38.2355 38.4721 38.2178 38.1099 37.9748 37.9881 37.9997 38.124 38.1959 38.5542 38.6181 38.5443 38.9162 39.3237 39.4305 39.3369 39.3773 39.4415 39.4732 39.4343 -9999 -9999
