inst/extdata/outputs/jambulina_test_Env_1_final_Vp.asc
ncols         100
nrows         79
xllcorner     148.06
yllcorner     -21.49
cellsize      0.01
NODATA_value  -9999
[rows 0 to 30 of 79, columns 0 to 69 of 100]
-9999 -9999 -9999 -9999 -9999 -9999 -9999 -9999 -9999 -9999 -9999 -9999 -9999 -9999 -9999 -9999 -9999 -9999 -9999 -9999 -9999 -9999 -9999 -9999 -9999 0.297441 -9999 0.284407 0.324226 0.362931 0.538201 0.665187 0.559118 0.60036 0.754348 0.870787 0.887113 0.960034 0.819252 0.473227 0.477573 0.451111 0.560439 -9999 0.422646 0.389825 0.334705 0.328668 -9999 0.329394 -9999 -9999 -9999 -9999 0.308893 0.311057 0.315805 0.319274 0.327263 0.329017 0.334854 -9999 0.33728 -9999 -9999 -9999 -9999 -9999 -9999 -9999
-9999 -9999 -9999 -9999 -9999 -9999 -9999 -9999 -9999 -9999 -9999 -9999 -9999 -9999 -9999 -9999 -9999 -9999 -9999 -9999 -9999 0.28799 -9999 0.285394 -9999 0.315389 0.338799 0.360877 0.384701 0.282437 0.487298 0.527377 0.489401 0.563406 0.498211 0.755259 0.789621 0.756166 0.507266 0.496573 0.28525 0.597835 0.59022 -9999 -9999 0.387464 0.337211 0.219412 0.251035 0.325931 0.329193 -9999 -9999 -9999 0.314025 0.300373 0.314573 -9999 -9999 0.334017 0.337103 0.337716 0.334559 -9999 0.342161 -9999 -9999 -9999 -9999 -9999
-9999 -9999 -9999 -9999 -9999 -9999 -9999 -9999 -9999 -9999 -9999 -9999 -9999 -9999 -9999 -9999 -9999 -9999 -9999 0.301963 -9999 0.283738 0.282399 0.286598 -9999 0.306782 0.326643 0.350274 0.336259 0.270065 0.26641 0.47219 0.418928 0.507538 0.526168 0.701015 0.7749 0.819111 0.692299 0.596588 0.444636 0.213869 0.625579 -9999 -9999 0.427484 0.384118 0.31073 0.439758 0.167895 -9999 -9999 0.293542 0.288188 0.308851 0.295444 0.318944 0.32086 0.331881 0.329494 0.339583 0.340998 -9999 0.344373 -9999 -9999 -9999 -9999 -9999 -9999
-9999 -9999 -9999 -9999 -9999 -9999 -9999 -9999 -9999 -9999 -9999 -9999 -9999 -9999 -9999 -9999 -9999 -9999 -9999 -9999 0.296242 0.29288 0.279493 -9999 0.273602 -9999 0.316157 0.240985 0.281505 0.379701 0.273477 0.262781 0.416321 0.609213 0.629073 0.775438 0.755813 0.800758 0.818178 0.890088 0.634419 0.303422 -9999 0.574823 -9999 0.437788 0.425012 0.417677 0.451785 0.193314 0.363836 0.334855 -9999 0.25812 0.170209 0.311056 0.322253 0.300431 0.329704 0.342269 0.343328 0.343776 0.345839 0.347189 -9999 0.349222 -9999 -9999 -9999 -9999
-9999 -9999 -9999 -9999 -9999 -9999 -9999 -9999 -9999 -9999 -9999 -9999 -9999 -9999 -9999 -9999 -9999 -9999 -9999 -9999 0.301815 -9999 0.278508 0.28819 0.283956 0.288 -9999 0.26985 0.255398 0.345193 0.2727 0.317869 0.383924 0.474938 0.496715 0.614011 0.498258 0.639818 0.755832 0.818878 0.891598 0.614783 0.253798 0.543968 0.284596 0.424573 -9999 0.449282 -9999 0.408725 0.416326 -9999 0.125123 0.170597 0.2713 0.352723 0.329828 0.297101 0.363206 0.335058 0.336179 0.337361 0.349496 -9999 0.352087 -9999 -9999 -9999 -9999 -9999
-9999 -9999 -9999 -9999 -9999 -9999 -9999 -9999 -9999 -9999 -9999 -9999 -9999 -9999 -9999 -9999 -9999 -9999 0.342298 0.337835 0.319163 0.324608 -9999 0.294142 0.287273 0.217251 0.33291 0.32278 0.325426 0.496411 0.441651 0.307959 0.280683 0.425158 0.455545 0.429775 0.522845 0.547955 0.63076 0.775197 0.819927 0.547617 -9999 -9999 0.243841 0.539557 0.426124 0.38345 0.462026 0.475634 0.39228 0.321308 0.12861 0.133814 0.209746 0.336098 0.381161 0.362122 0.363297 0.342766 0.342645 0.353541 0.354791 0.357031 0.354438 -9999 -9999 -9999 -9999 -9999
-9999 -9999 -9999 -9999 -9999 -9999 -9999 -9999 -9999 -9999 -9999 -9999 -9999 -9999 -9999 -9999 -9999 -9999 0.347967 0.347538 0.349048 0.342152 0.293837 0.310975 0.307531 0.316736 0.33627 0.245252 0.312309 0.549799 0.500074 0.493209 0.418059 0.318158 0.394406 0.422757 0.542261 0.683738 0.630117 0.699968 0.756144 0.576338 0.382896 -9999 0.227057 0.483066 0.471319 0.244087 0.383664 0.497656 0.405075 0.128915 0.156272 0.242018 0.167947 0.383398 0.35895 0.357825 0.336936 0.339013 0.36627 0.35852 0.34225 0.365442 0.353646 0.346756 0.343254 -9999 -9999 0.340637
-9999 -9999 -9999 -9999 -9999 -9999 -9999 -9999 -9999 -9999 -9999 -9999 -9999 -9999 -9999 -9999 -9999 -9999 0.347787 0.351864 0.370497 0.374714 0.348044 0.295096 -9999 0.332419 0.230224 0.263611 0.303246 0.448039 0.596157 0.51722 0.549075 0.485036 0.483758 0.436245 0.445467 0.547368 0.773911 0.699043 0.658512 0.655951 0.444053 0.507902 0.266079 0.517555 0.580971 0.250942 0.460155 0.43205 0.369733 0.327408 0.229811 0.267539 0.275779 0.317764 0.331314 0.306871 0.308234 0.288159 0.367683 0.335383 0.374859 0.377895 0.336785 0.344819 0.341629 0.336478 0.338003 0.341709
-9999 -9999 -9999 -9999 -9999 -9999 -9999 -9999 -9999 -9999 -9999 -9999 -9999 -9999 -9999 -9999 -9999 -9999 0.344285 0.326704 0.366319 0.405197 0.378234 0.330807 0.335478 0.347894 0.25063 0.430358 0.427249 0.42839 0.417351 0.516526 0.615523 0.516891 0.396366 0.441911 0.509885 0.512048 0.698884 0.77564 0.756618 0.700457 0.520579 0.412348 0.358858 0.554802 0.517062 0.379236 0.472569 0.153137 0.359783 0.445969 0.313078 0.129587 0.132811 0.172994 0.329036 0.327329 0.350808 0.354722 0.377974 0.37864 0.377907 0.336996 0.336833 0.336958 0.336384 0.329903 0.332895 0.340284
-9999 -9999 -9999 -9999 -9999 -9999 -9999 -9999 -9999 -9999 -9999 -9999 -9999 -9999 -9999 -9999 -9999 0.348909 -9999 -9999 0.360138 0.400473 0.317757 0.186187 0.33429 0.364815 0.337266 0.242823 0.392408 0.384564 0.565308 0.647372 0.540576 0.512348 0.431523 0.544487 0.597476 0.538887 0.64741 0.791329 0.791461 0.834043 0.756205 0.49238 0.505262 0.563831 0.487558 0.40248 0.176728 0.167555 0.180729 0.413784 0.366384 0.328964 0.265075 0.227699 0.317758 0.34698 0.344796 0.332665 0.381874 0.383121 0.380408 0.362007 0.337534 0.328659 0.334411 0.291565 0.322645 0.348652
-9999 -9999 -9999 -9999 -9999 -9999 -9999 -9999 -9999 -9999 -9999 -9999 -9999 -9999 -9999 -9999 -9999 -9999 0.342682 -9999 0.331178 0.290693 0.282019 0.303473 0.338794 0.372577 0.285198 0.402983 0.469635 0.415927 0.511635 0.515385 0.402741 0.434073 0.607362 0.631216 0.537851 0.598962 0.684049 0.79084 0.774792 0.818364 0.834174 0.775268 0.679678 0.629301 0.528333 0.387931 0.315732 0.395486 0.546275 0.226657 0.275638 0.341214 0.177777 0.185508 -9999 0.399021 0.361701 0.360514 0.369553 0.345446 0.343273 0.367206 0.351199 0.340653 0.363996 0.325705 0.28507 0.332631
-9999 -9999 -9999 -9999 -9999 -9999 -9999 -9999 -9999 -9999 -9999 -9999 -9999 -9999 -9999 -9999 -9999 -9999 -9999 0.323466 -9999 0.259169 0.250516 0.303885 -9999 0.35959 0.28106 0.445014 0.482594 0.449839 0.460924 0.46035 0.400024 0.436519 0.465868 0.47382 0.572533 0.697944 0.582819 0.540432 0.658288 0.756286 0.818594 0.774943 0.648951 0.556588 0.621422 0.575 0.608222 0.625471 0.519651 0.59094 0.281725 0.216936 0.2261 0.263587 0.254393 0.393451 0.401462 0.348122 0.338217 0.338084 0.346575 0.339719 -9999 0.297449 0.290954 0.343389 0.320833 0.33168
-9999 -9999 -9999 -9999 -9999 -9999 -9999 -9999 -9999 -9999 -9999 -9999 -9999 -9999 -9999 -9999 -9999 -9999 -9999 -9999 0.299313 0.28634 -9999 0.305532 0.332353 0.344115 0.210478 0.251212 0.39139 0.406647 0.409396 0.416453 0.422974 0.460258 0.475451 0.606528 0.715981 0.544472 0.509839 0.52566 0.717401 0.77522 0.818724 0.819203 0.630431 0.482207 0.627155 0.778021 0.838323 0.824891 0.411147 0.561771 0.433815 -9999 0.249621 0.264179 0.342446 0.252062 0.25246 0.314264 0.148284 0.222118 0.338444 0.344204 0.326099 0.332649 0.325839 0.325908 0.284272 0.328538
-9999 -9999 -9999 -9999 -9999 -9999 -9999 -9999 -9999 -9999 -9999 -9999 -9999 -9999 -9999 -9999 0.307669 -9999 -9999 -9999 0.300165 0.29209 0.297687 0.317521 -9999 0.283413 0.325747 0.415271 0.455195 0.40836 0.377779 0.379667 0.470777 0.480132 0.492294 0.456573 0.561215 0.611483 0.544421 0.461494 0.544996 0.628659 0.640099 0.774577 0.519688 0.509118 0.584803 0.778296 0.874109 0.964683 0.876842 0.780553 0.557148 0.427197 0.502717 0.352209 0.379066 0.36688 0.340424 0.273659 0.154161 0.150644 0.313008 0.346431 -9999 0.341026 0.335616 0.326708 0.320649 -9999
-9999 -9999 -9999 -9999 -9999 -9999 -9999 -9999 -9999 -9999 -9999 -9999 -9999 -9999 -9999 -9999 -9999 0.304952 -9999 -9999 0.299733 0.306452 -9999 -9999 0.333005 0.185366 0.222889 0.407224 0.373266 0.25025 0.262879 0.396716 0.432528 0.422613 0.437255 0.514523 0.481368 0.602855 0.512946 0.44579 0.452899 0.477097 0.536754 0.657732 0.482065 0.540959 0.591466 0.718644 0.835151 0.88912 0.823816 0.87555 0.704249 0.52174 0.353017 0.39796 0.436185 0.3249 0.238734 0.434377 0.421642 0.322935 0.357537 0.359084 0.352327 0.346969 0.342417 0.336678 0.330969 0.330148
-9999 -9999 -9999 -9999 -9999 -9999 -9999 -9999 -9999 -9999 -9999 -9999 -9999 -9999 -9999 -9999 0.306608 -9999 -9999 -9999 -9999 0.318443 -9999 -9999 0.371321 0.364692 0.232464 0.392191 0.246919 0.284649 0.318371 0.407523 0.436167 0.273544 0.393723 0.436054 0.443082 0.48024 0.52058 0.449791 0.425929 0.513826 0.608948 0.805543 0.775719 0.56412 0.622543 0.719338 0.820238 0.805484 0.819701 0.77728 0.804446 0.527121 0.456677 0.220078 0.437676 0.424344 0.301732 0.470732 0.384565 0.330197 0.390098 0.377748 0.360421 0.346148 0.339434 0.343676 -9999 0.339331
-9999 -9999 -9999 -9999 -9999 -9999 -9999 -9999 -9999 -9999 -9999 -9999 -9999 -9999 -9999 -9999 -9999 -9999 -9999 -9999 -9999 -9999 -9999 -9999 0.392765 0.338301 0.42253 0.345355 0.290632 0.428389 0.418936 0.472243 0.434265 0.300476 0.274421 0.40694 0.400239 0.430059 0.462094 0.464235 0.456626 0.484627 0.634681 0.583678 0.493535 0.582492 0.777262 0.890002 0.975414 0.777012 0.701999 0.719048 0.788886 0.721116 0.538181 0.277844 0.246773 0.416016 0.434591 0.459962 0.446064 0.416998 0.385978 0.374168 0.348856 -9999 -9999 -9999 -9999 0.354971
-9999 -9999 -9999 -9999 -9999 -9999 -9999 -9999 -9999 -9999 -9999 -9999 -9999 -9999 -9999 -9999 -9999 -9999 -9999 -9999 -9999 -9999 0.401669 -9999 0.408798 0.385199 0.484131 0.432326 0.425934 0.496488 0.429685 0.282255 0.291365 0.236039 0.260609 0.29846 0.415645 0.511727 0.455935 0.450028 0.406464 0.456522 0.414897 0.489859 0.465537 0.581548 0.778016 0.962654 1.04114 0.702852 0.661191 0.775806 0.819778 0.804649 0.484664 0.333502 0.401905 0.388153 0.36376 0.424767 0.369557 0.431579 0.335767 0.359466 0.177857 0.327516 0.360582 0.377084 0.382738 0.381654
-9999 -9999 -9999 -9999 -9999 -9999 -9999 -9999 -9999 -9999 -9999 -9999 -9999 -9999 -9999 -9999 -9999 -9999 -9999 -9999 -9999 0.40678 -9999 0.424777 0.432373 0.451813 0.485687 0.425299 0.27748 0.414463 0.376694 0.260527 0.194521 0.290097 0.278805 0.267727 0.420256 0.447339 0.401092 0.400551 0.406888 0.409484 0.432734 0.47208 0.584663 0.617435 0.623283 0.681079 0.821112 0.588033 0.818788 0.819224 0.78808 0.720025 0.509177 0.319805 0.423871 0.446522 0.461674 0.362775 0.346952 0.347356 0.272606 0.370325 0.390165 -9999 -9999 0.389073 0.394692 -9999
-9999 -9999 -9999 -9999 -9999 -9999 -9999 -9999 -9999 -9999 -9999 -9999 -9999 -9999 -9999 -9999 -9999 -9999 -9999 -9999 -9999 -9999 0.428414 0.433122 0.437525 0.450735 0.425857 0.350669 0.298575 0.378049 0.223736 0.244796 0.318205 0.32649 0.206678 0.266238 0.44298 0.430996 0.40549 0.411615 0.399245 0.420609 0.391069 0.501253 0.527354 0.516152 0.601337 0.567353 0.612738 0.594783 0.717578 0.718638 0.791071 0.777688 0.59029 0.456625 0.283344 0.353992 0.393577 0.434624 0.231387 0.415905 0.243829 0.408533 0.407519 0.399642 0.394676 0.378338 0.39887 0.407274
-9999 -9999 -9999 -9999 -9999 -9999 -9999 -9999 -9999 -9999 -9999 -9999 -9999 -9999 -9999 -9999 -9999 -9999 -9999 -9999 -9999 0.417531 -9999 0.439687 0.424502 0.409831 0.218715 0.362684 0.283131 0.258102 0.328341 -9999 0.342106 -9999 0.350061 0.321599 0.295785 0.291397 0.35343 0.279779 0.42852 0.465207 0.481903 0.463021 0.516853 0.507011 0.609919 0.793532 0.776432 0.592701 0.530719 0.649678 0.718948 0.8748 0.587923 0.50491 0.337664 0.436771 0.422525 0.32926 0.362264 0.348194 0.321402 0.415992 0.395368 0.408277 0.402741 0.399784 0.407518 0.406764
-9999 -9999 -9999 -9999 -9999 -9999 -9999 -9999 -9999 -9999 -9999 -9999 -9999 -9999 -9999 -9999 -9999 -9999 -9999 -9999 0.404281 -9999 -9999 0.420197 0.398538 0.383297 0.356901 0.306255 0.294099 -9999 0.325604 0.329098 0.349088 0.308379 0.338906 0.272908 0.267509 0.453119 0.497132 0.456859 0.449142 0.439502 0.52899 0.628132 0.635385 0.499849 0.599911 0.794382 0.977528 0.70135 0.718267 0.818992 0.68814 0.961947 0.778339 0.553792 0.483216 0.578802 0.502343 0.420953 0.513607 0.449972 0.423409 0.419946 0.416969 0.325833 0.317368 0.401228 0.382128 0.378334
-9999 -9999 -9999 -9999 -9999 -9999 -9999 -9999 -9999 -9999 -9999 -9999 -9999 -9999 -9999 -9999 -9999 -9999 -9999 -9999 -9999 -9999 -9999 -9999 0.349009 0.328479 -9999 0.328782 0.323457 0.324844 0.321005 0.213789 0.324266 0.44611 0.461683 0.460368 0.467287 0.489894 0.517577 0.494227 0.543036 0.571013 0.590438 0.66207 0.648697 0.574616 0.563424 0.536947 0.719254 0.819159 0.887849 0.719378 0.819346 0.793297 0.888762 0.73294 0.552942 0.439255 0.532056 0.594834 0.511289 0.472625 0.382616 0.327987 0.408598 0.319681 0.3737 0.374352 0.425571 0.374034
-9999 -9999 -9999 -9999 -9999 -9999 -9999 -9999 -9999 -9999 -9999 -9999 -9999 -9999 -9999 -9999 -9999 -9999 -9999 0.366647 -9999 -9999 -9999 0.326777 0.218323 0.30536 -9999 -9999 0.313029 0.320697 0.324228 0.34722 0.431102 0.416209 0.315176 0.453491 0.574463 0.605342 0.508539 0.565181 0.598942 0.821417 0.718856 0.61385 0.805495 0.586839 0.602405 0.596396 0.568893 0.718864 0.974965 0.819414 0.72022 0.702608 0.720633 0.819062 0.569288 0.584417 0.503441 0.718173 0.548322 0.421982 0.423227 0.378951 0.451072 0.41577 0.417263 0.306283 0.293138 0.425147
-9999 -9999 -9999 -9999 -9999 -9999 -9999 -9999 -9999 -9999 -9999 -9999 -9999 -9999 -9999 -9999 -9999 -9999 -9999 -9999 -9999 -9999 -9999 -9999 -9999 0.311243 -9999 -9999 -9999 -9999 -9999 0.200582 0.204688 0.39461 0.281054 0.346201 0.461541 0.605569 0.569715 0.59553 0.805922 0.889384 0.819818 0.627179 0.834699 0.805601 0.777866 0.516007 0.584407 0.492229 0.703098 0.820077 0.820615 0.834801 0.72058 0.818704 0.817836 0.859996 0.538975 0.579898 0.538658 0.446864 0.390703 0.465757 0.318629 0.44395 0.414087 0.328759 0.452986 0.392697
-9999 -9999 -9999 -9999 -9999 -9999 -9999 -9999 -9999 -9999 -9999 -9999 -9999 -9999 -9999 -9999 -9999 -9999 -9999 -9999 -9999 -9999 -9999 -9999 -9999 -9999 -9999 -9999 -9999 0.323414 0.32907 -9999 -9999 0.257387 0.308125 0.403104 0.439819 0.553029 0.717828 0.625682 0.902358 0.776738 0.702093 0.620917 0.72002 0.835868 1.03993 0.82165 0.615953 0.614803 0.789252 0.888558 0.974697 1.0379 0.83476 0.775841 0.8202 0.808395 0.552282 0.414106 0.45393 0.45523 0.443392 0.364772 0.439527 0.34015 0.331437 0.389453 0.416209 0.436584
-9999 -9999 -9999 -9999 -9999 -9999 -9999 -9999 -9999 -9999 -9999 -9999 -9999 -9999 -9999 -9999 -9999 0.366646 -9999 -9999 -9999 -9999 -9999 -9999 -9999 -9999 -9999 -9999 0.317323 0.323725 -9999 0.379805 0.207293 0.307061 0.40674 0.501931 0.48782 0.506433 0.597947 0.805156 0.902079 0.819365 0.819294 0.702786 0.820064 0.960452 1.03883 1.03929 0.889415 0.82125 0.724173 1.03878 1.03849 0.974735 0.888191 0.792298 0.795832 0.711484 0.533435 0.509341 0.386608 -9999 0.311275 0.459043 0.444133 0.429174 0.38051 0.33532 0.436003 0.391863
-9999 -9999 -9999 -9999 -9999 -9999 -9999 -9999 -9999 -9999 -9999 -9999 -9999 -9999 -9999 -9999 -9999 0.366646 -9999 -9999 -9999 -9999 -9999 -9999 -9999 -9999 -9999 -9999 -9999 0.318886 0.257652 0.270146 0.225412 0.380878 0.431986 0.494696 0.449231 0.579438 0.631895 0.805314 0.888501 0.834703 0.901665 0.80504 0.834785 0.959944 1.03832 1.03922 1.03865 0.974846 0.889117 1.03889 1.03866 1.03821 0.888823 0.821503 0.890472 0.821156 0.624564 0.631891 0.430526 0.447748 0.216225 0.449437 0.455581 0.42031 0.435616 0.410802 0.427747 0.423341
-9999 -9999 -9999 -9999 -9999 -9999 -9999 -9999 -9999 -9999 -9999 -9999 -9999 -9999 -9999 -9999 -9999 -9999 -9999 -9999 -9999 -9999 -9999 -9999 -9999 -9999 -9999 -9999 0.322237 -9999 0.33715 0.239061 0.348516 0.473691 0.402198 0.489277 0.585024 0.538871 0.623878 0.718759 0.806062 0.794064 0.820192 0.834699 0.834399 0.834997 0.821073 0.888979 0.807151 0.821377 0.888648 1.0383 0.975364 1.03792 0.974971 0.874822 0.891244 0.873775 0.822801 0.631836 0.463044 0.504901 0.328656 0.272489 0.38208 0.456199 0.427843 0.43932 0.431445 0.431953
-9999 -9999 -9999 -9999 -9999 -9999 -9999 -9999 -9999 -9999 -9999 -9999 -9999 -9999 -9999 -9999 -9999 -9999 -9999 -9999 -9999 -9999 -9999 -9999 -9999 -9999 -9999 0.344028 -9999 0.335229 0.23581 0.412311 0.427138 0.454465 0.470369 0.460654 0.481258 0.586116 0.776928 0.635088 0.600985 0.517002 0.600708 0.821446 0.687949 0.650709 0.540362 0.589393 0.70357 0.704532 0.807295 0.837348 0.890139 1.03844 0.97593 1.03875 1.03936 0.890825 0.875575 0.533387 0.584379 0.483929 0.529174 0.433804 0.494387 0.484533 0.418481 0.445177 0.428215 -9999
-9999 -9999 -9999 -9999 -9999 -9999 -9999 -9999 -9999 -9999 -9999 -9999 -9999 -9999 -9999 -9999 -9999 -9999 -9999 -9999 -9999 -9999 -9999 -9999 -9999 -9999 -9999 -9999 -9999 0.334571 0.361351 0.427971 0.386148 0.473946 0.485797 0.526944 0.514843 0.543168 0.405436 0.542721 0.477333 0.480395 0.437016 0.516587 0.617582 0.618832 0.776287 0.776595 0.777138 0.80614 0.888253 0.823015 1.03815 1.03891 1.03875 1.04168 1.10721 1.04005 1.04449 0.723668 0.536265 0.778262 0.650352 0.517644 0.541598 0.417776 0.484501 0.199981 -9999 0.426269
