inst/extdata/outputs/jambulina_test_Env_1_final_Vp.asc
ncols         100
nrows         79
xllcorner     148.06
yllcorner     -21.49
cellsize      0.01
NODATA_value  -9999
[rows 31 to 61 of 79, columns 0 to 69 of 100]
-9999 -9999 -9999 -9999 -9999 -9999 -9999 -9999 -9999 -9999 -9999 -9999 -9999 -9999 -9999 -9999 -9999 -9999 -9999 -9999 -9999 -9999 -9999 -9999 -9999 -9999 -9999 0.388235 0.334026 0.206785 0.227234 0.23092 0.458137 0.498317 0.379203 0.457937 0.47387 0.393691 0.394843 0.379578 0.448493 0.515187 0.511127 0.601011 0.614381 0.776996 0.833471 0.820591 0.820913 0.821742 1.03779 0.838276 1.03846 1.03954 1.10783 1.11022 1.11612 1.04169 1.04273 0.782755 0.719531 0.80345 0.552102 0.413442 0.459775 0.543229 0.49873 0.443835 0.413156 0.434629
-9999 -9999 -9999 -9999 -9999 -9999 -9999 -9999 -9999 -9999 -9999 -9999 -9999 -9999 -9999 -9999 -9999 -9999 -9999 -9999 -9999 -9999 -9999 -9999 -9999 0.42432 -9999 0.401852 0.377338 -9999 0.383814 0.339955 0.236223 0.454577 0.475985 0.326077 0.269507 0.319505 0.332537 0.417544 0.528264 0.624778 0.820063 0.805605 0.807486 0.960862 1.03796 0.959878 0.960479 0.889086 0.889397 0.889874 0.976333 1.03926 1.03973 1.03546 1.11071 1.11242 1.04299 0.808222 0.702153 0.602559 0.579461 0.59101 0.480712 -9999 -9999 0.474044 0.457791 -9999
-9999 -9999 -9999 -9999 -9999 -9999 -9999 -9999 -9999 -9999 -9999 -9999 -9999 -9999 -9999 -9999 -9999 -9999 -9999 -9999 -9999 -9999 -9999 -9999 0.409124 0.421683 0.429451 0.427337 -9999 0.414105 0.426961 0.465999 0.396348 0.311731 0.276427 0.267453 0.2878 0.317799 0.447176 0.434529 0.458416 0.517845 0.613126 0.636958 0.603183 0.805167 0.836055 0.960857 0.976234 0.961366 0.889853 0.975138 1.03903 1.03915 0.976556 1.04076 1.04336 1.04486 1.03979 0.805771 0.792328 0.622234 0.5538 0.482555 0.45041 -9999 0.491508 0.48358 -9999 -9999
-9999 -9999 -9999 -9999 -9999 -9999 -9999 -9999 -9999 -9999 -9999 -9999 -9999 -9999 -9999 -9999 -9999 -9999 -9999 -9999 -9999 -9999 -9999 0.385764 0.408214 0.418375 -9999 0.434208 0.443833 0.269879 0.456067 0.337564 0.379711 0.477311 0.500823 0.476754 0.489285 0.452193 0.480482 0.488089 0.442541 0.490782 0.444806 0.480889 0.694152 0.564435 0.807031 1.03951 1.0402 1.0398 0.97667 1.03844 1.04041 0.877256 0.976991 1.04149 0.869121 0.818713 0.792087 0.890305 0.87453 0.719647 0.58949 0.441624 0.420962 0.429455 0.493879 0.482111 0.481323 -9999
-9999 -9999 -9999 -9999 -9999 -9999 -9999 -9999 -9999 -9999 -9999 -9999 -9999 -9999 -9999 -9999 -9999 -9999 -9999 -9999 -9999 0.411184 -9999 0.38135 0.401508 0.402208 0.42983 0.437243 0.494579 0.534784 0.456864 0.447328 0.500433 0.499419 0.580368 0.586105 0.515316 0.540632 0.567274 0.543238 0.538414 0.614076 0.542194 0.548588 0.577366 0.701344 0.795675 0.962418 1.04324 1.04483 1.03888 1.03944 0.890895 0.613913 0.792166 0.892881 0.551064 0.592101 0.492599 0.877111 0.807628 0.793463 0.553752 0.546784 0.575159 0.437998 0.379442 0.475478 0.478463 0.469882
-9999 -9999 -9999 -9999 -9999 -9999 -9999 -9999 -9999 -9999 -9999 -9999 -9999 -9999 -9999 -9999 -9999 -9999 -9999 -9999 -9999 0.402051 0.398877 0.384224 0.387174 0.406384 0.409809 0.257523 0.442256 0.370801 0.462665 0.463807 0.496547 0.584628 0.662469 0.443394 0.406416 0.413217 0.681772 0.412912 0.412744 0.774696 0.611035 0.531375 0.665432 0.777216 0.821699 0.964199 0.974862 0.961796 0.965969 0.962565 0.838157 0.697 0.595416 0.703506 0.622808 0.467021 0.485111 0.503338 0.509884 0.599106 0.498026 0.46041 0.539611 0.482479 0.482364 0.486946 0.452082 0.458658
-9999 -9999 -9999 -9999 -9999 -9999 -9999 -9999 -9999 -9999 -9999 -9999 -9999 -9999 -9999 -9999 -9999 -9999 -9999 0.384782 0.364394 0.198825 0.363123 0.363473 0.387558 0.38219 0.258271 0.39305 0.440242 0.258553 0.305582 0.344856 0.467882 0.514385 0.495391 0.785988 0.822569 0.905048 0.904894 0.806365 0.793101 0.77483 0.716273 0.406414 0.587895 0.640147 0.804626 0.871177 0.861837 0.856708 0.810456 0.822967 0.66909 0.610387 0.562816 0.63326 0.447553 0.687121 0.557707 0.560154 0.630193 0.385186 0.470156 0.208388 -9999 0.509359 0.489591 0.473411 0.478868 0.469983
-9999 -9999 -9999 -9999 -9999 -9999 -9999 -9999 -9999 -9999 -9999 -9999 -9999 -9999 -9999 -9999 -9999 -9999 -9999 -9999 -9999 0.376816 0.379833 0.270607 0.387403 0.386733 0.375844 0.384903 0.424702 0.388823 0.480076 0.45381 0.312445 0.436857 0.506695 0.658784 0.966559 0.965242 1.04381 0.962872 0.833366 0.900295 0.818516 0.614118 0.71724 0.794621 0.813167 0.855987 0.778268 0.631073 0.626908 0.513777 0.505599 0.434301 0.503221 0.466708 0.611 0.623404 0.590046 0.46355 0.54788 0.576727 0.581621 0.374956 0.489529 0.495094 0.488827 -9999 -9999 -9999
-9999 -9999 -9999 -9999 -9999 -9999 -9999 -9999 -9999 -9999 -9999 -9999 -9999 -9999 -9999 -9999 -9999 -9999 -9999 -9999 0.381134 0.382123 0.384619 0.394059 0.375204 0.392376 0.376077 0.37933 0.372988 0.391066 0.460461 0.440857 0.368306 0.492173 0.490904 0.526257 0.638402 0.66539 0.503439 0.817348 0.588081 0.790892 0.718372 0.685739 0.720583 0.80387 0.802393 0.783932 0.572494 0.609777 0.560303 0.435139 0.619198 0.38409 0.475933 0.513914 0.449228 0.551383 0.541002 0.18469 0.458586 0.545687 0.543516 0.490353 0.493442 0.492456 -9999 -9999 -9999 0.477547
-9999 -9999 -9999 -9999 -9999 -9999 -9999 -9999 -9999 -9999 -9999 -9999 -9999 -9999 -9999 -9999 0.381135 -9999 -9999 -9999 -9999 0.372052 0.376994 0.376744 0.305995 0.40565 0.393088 0.374225 0.394846 0.370915 0.371253 0.495197 0.428881 0.479562 0.476518 0.51168 0.530999 0.505013 0.573581 0.587893 0.579484 0.501683 0.78009 0.775552 0.804679 0.82023 0.777684 0.596 0.536552 0.519336 0.368621 0.618126 0.577544 0.508569 0.454239 0.474435 0.430623 -9999 0.507942 -9999 0.478625 0.524334 -9999 -9999 0.496727 -9999 -9999 -9999 0.488095 0.480434
-9999 -9999 -9999 -9999 -9999 -9999 -9999 -9999 -9999 -9999 -9999 -9999 -9999 -9999 -9999 -9999 -9999 -9999 -9999 -9999 0.353763 0.349049 -9999 0.359188 0.273574 0.368782 0.392545 0.372787 0.368454 0.370917 0.381273 0.431502 0.406395 0.539741 0.630631 0.506609 0.542812 0.470176 0.462962 0.547794 0.575829 0.350777 0.797207 0.795872 0.80601 0.78421 0.541462 0.458024 0.46764 0.50567 0.353572 0.547506 0.322573 0.526424 0.531287 0.254133 -9999 0.487753 0.494058 -9999 0.493057 -9999 -9999 0.491022 -9999 -9999 -9999 -9999 -9999 -9999
-9999 -9999 -9999 -9999 -9999 -9999 -9999 -9999 -9999 -9999 -9999 -9999 -9999 -9999 -9999 -9999 -9999 -9999 -9999 0.353282 -9999 0.319831 0.185877 0.336933 0.36443 0.38487 0.345806 0.375893 0.367921 0.420797 0.449232 0.43666 0.470048 0.536648 0.544847 0.555107 0.545653 0.504781 0.501737 0.492569 0.555284 0.53879 0.405557 0.462698 0.509143 0.553538 0.691457 0.367643 0.599302 0.597062 0.57717 0.557431 0.530709 -9999 -9999 0.472589 0.468736 0.462666 -9999 -9999 0.466534 0.466286 -9999 -9999 -9999 -9999 -9999 -9999 -9999 -9999
-9999 -9999 -9999 -9999 -9999 -9999 -9999 -9999 -9999 -9999 -9999 -9999 -9999 -9999 -9999 -9999 0.381135 -9999 -9999 -9999 -9999 -9999 -9999 0.261469 0.331486 0.170166 0.262234 0.320823 0.356096 0.389192 0.452822 0.454675 0.443988 0.467862 0.374095 0.479958 0.460571 0.41363 0.34167 0.413614 0.536785 0.360394 0.458382 0.467239 0.343149 0.620738 0.635255 0.638479 0.626044 0.611047 0.604061 0.577961 0.547575 0.502326 -9999 -9999 -9999 0.444669 0.440314 -9999 -9999 -9999 0.435863 -9999 -9999 -9999 -9999 -9999 -9999 -9999
-9999 -9999 -9999 -9999 -9999 -9999 -9999 -9999 -9999 -9999 -9999 -9999 -9999 -9999 -9999 -9999 -9999 -9999 -9999 -9999 -9999 -9999 -9999 -9999 0.318642 0.304094 0.159112 0.190648 0.278142 0.360187 0.408616 0.437008 0.409902 0.401921 0.427756 0.375101 0.668165 0.687154 0.667243 0.584326 0.616442 0.488661 0.714822 0.423819 0.422702 -9999 -9999 0.620763 0.64575 0.629902 0.621367 -9999 0.546553 0.501852 -9999 0.450856 0.441173 -9999 0.426249 -9999 0.420034 0.413609 -9999 -9999 -9999 -9999 -9999 -9999 -9999 -9999
-9999 -9999 -9999 -9999 -9999 -9999 -9999 -9999 -9999 -9999 -9999 -9999 -9999 -9999 -9999 -9999 -9999 -9999 -9999 -9999 -9999 -9999 -9999 -9999 -9999 0.301949 0.294759 0.178862 0.23086 0.326018 0.432387 0.448221 0.41729 0.420004 0.422058 0.506852 0.572687 0.604603 0.604143 0.501223 0.616712 0.572375 0.479776 0.407798 0.412732 0.377522 0.456796 0.382427 0.656428 0.643634 0.640388 -9999 -9999 0.473192 0.460412 0.443032 0.432693 0.433599 0.422417 0.412219 0.402048 0.402474 0.402849 0.402855 -9999 -9999 -9999 -9999 -9999 -9999
-9999 -9999 -9999 -9999 -9999 -9999 -9999 -9999 -9999 -9999 -9999 -9999 -9999 -9999 -9999 -9999 -9999 -9999 -9999 -9999 -9999 -9999 -9999 -9999 -9999 -9999 0.305504 0.317704 0.302657 0.239101 0.415903 0.417069 0.461578 0.43032 0.430372 0.450888 0.412536 0.558727 0.480088 0.507625 0.440153 0.411968 0.403414 0.364454 0.364979 0.424507 0.637347 0.570077 0.584637 0.518581 0.480684 0.41471 0.368593 0.273044 0.443934 0.410096 0.406503 0.443577 0.391172 0.393977 0.35853 0.394643 0.4006 0.402777 -9999 -9999 -9999 -9999 -9999 -9999
-9999 -9999 -9999 -9999 -9999 -9999 -9999 -9999 -9999 -9999 -9999 -9999 -9999 -9999 -9999 -9999 -9999 -9999 -9999 -9999 -9999 -9999 -9999 -9999 0.290239 0.291349 -9999 0.308462 0.318915 0.208432 0.347509 0.407783 0.464635 0.441541 0.443266 0.471444 0.511658 0.460461 0.508767 0.468859 0.474977 0.442142 0.431341 0.351091 0.449256 0.501193 0.622487 0.628765 0.70263 0.678132 0.68748 0.550345 0.445598 0.421263 0.3887 0.451642 0.432925 0.419756 0.370416 0.389093 0.40386 0.401302 0.401344 -9999 -9999 -9999 -9999 -9999 -9999 -9999
-9999 -9999 -9999 -9999 -9999 -9999 -9999 -9999 -9999 -9999 -9999 -9999 -9999 -9999 -9999 -9999 -9999 -9999 -9999 -9999 -9999 -9999 -9999 -9999 -9999 -9999 -9999 0.295717 0.290472 0.171473 0.262179 0.36512 0.490479 0.438923 0.445881 0.425914 0.475251 0.442673 0.464062 0.449079 0.400565 0.438745 0.400976 0.439568 0.479686 0.562859 0.703736 0.701415 0.636366 0.716657 0.717655 0.717815 0.547924 0.382522 0.395429 0.439095 0.39141 0.410129 0.416932 0.393182 0.412955 0.408163 0.405807 0.404625 -9999 -9999 -9999 -9999 -9999 -9999
-9999 -9999 -9999 -9999 -9999 -9999 -9999 -9999 -9999 -9999 -9999 -9999 -9999 -9999 -9999 -9999 -9999 -9999 -9999 -9999 -9999 -9999 -9999 -9999 -9999 -9999 0.28412 -9999 0.240386 0.178829 0.246007 0.317991 0.423425 0.464066 0.461229 0.47192 0.457585 0.428008 0.428375 0.428758 0.372741 0.458165 0.439067 0.516862 0.557275 0.572891 0.572645 0.651463 0.636148 0.716405 0.624951 0.624675 0.579626 0.450257 0.392468 0.447439 0.432356 0.434464 0.422827 0.418077 -9999 0.41243 0.409479 -9999 -9999 -9999 -9999 -9999 -9999 -9999
-9999 -9999 -9999 -9999 -9999 -9999 -9999 -9999 -9999 -9999 -9999 -9999 -9999 -9999 -9999 -9999 -9999 -9999 -9999 -9999 -9999 -9999 -9999 -9999 0.294353 -9999 0.287043 -9999 -9999 -9999 0.314811 0.290703 0.412138 0.464999 0.508925 0.448745 0.441639 0.441514 0.430549 0.41481 0.421377 0.435859 0.348478 0.419179 0.488424 0.558152 0.55904 0.585457 0.652211 0.71701 0.597355 0.562643 0.530544 0.468106 0.468227 0.214748 0.442623 0.42582 0.418298 -9999 -9999 -9999 0.410257 0.409115 -9999 -9999 -9999 -9999 -9999 -9999
-9999 -9999 -9999 -9999 -9999 -9999 -9999 -9999 -9999 -9999 -9999 -9999 -9999 -9999 -9999 -9999 -9999 -9999 -9999 -9999 -9999 -9999 -9999 -9999 -9999 -9999 0.289767 0.290102 0.311469 0.328603 0.340765 0.23705 0.433374 0.436908 0.481894 0.449941 0.442187 0.440077 0.431353 0.418292 0.43699 0.439505 0.430618 0.401246 0.500326 0.572318 0.731583 0.774252 0.700137 0.803668 0.792413 0.618633 0.500028 0.438018 0.484612 0.449716 0.435303 0.422302 0.403518 0.410041 0.410871 0.41058 -9999 -9999 -9999 -9999 -9999 -9999 -9999 -9999
-9999 -9999 -9999 -9999 -9999 -9999 -9999 -9999 -9999 -9999 -9999 -9999 -9999 -9999 -9999 -9999 -9999 -9999 -9999 -9999 -9999 -9999 -9999 -9999 -9999 -9999 -9999 -9999 0.315937 0.331323 0.339201 -9999 0.255031 0.443405 0.479063 0.370284 0.367014 0.434159 0.428659 0.416656 0.418417 0.446335 0.434998 0.357912 0.440339 0.558607 0.803396 0.818269 0.77507 0.787109 0.775942 0.597812 0.508684 0.481281 0.431877 0.440658 0.397763 0.396186 0.396303 0.408504 0.414628 0.413001 -9999 -9999 -9999 -9999 -9999 -9999 -9999 -9999
-9999 -9999 -9999 -9999 -9999 -9999 -9999 -9999 -9999 -9999 -9999 -9999 -9999 -9999 -9999 -9999 -9999 -9999 -9999 -9999 -9999 -9999 -9999 -9999 -9999 -9999 0.308279 -9999 0.305532 0.322941 0.238277 0.365399 0.383707 0.412341 0.408718 0.250675 0.338799 0.368903 0.392667 0.365537 0.42012 0.423804 0.423077 0.454121 0.505816 0.563823 0.48263 0.803507 0.786924 0.717512 0.635854 0.515348 0.510048 0.473572 0.398507 0.445341 0.41154 0.429424 0.420606 0.41737 0.419476 0.417068 -9999 -9999 -9999 -9999 -9999 -9999 -9999 -9999
-9999 -9999 -9999 -9999 -9999 -9999 -9999 -9999 -9999 -9999 -9999 -9999 -9999 -9999 -9999 -9999 -9999 -9999 -9999 -9999 -9999 -9999 -9999 -9999 -9999 -9999 -9999 0.32497 -9999 0.344393 0.35928 0.373185 0.377688 0.304113 0.36411 0.360806 0.229454 0.387344 0.340438 0.389101 0.416919 0.415244 0.398573 0.444656 0.481335 0.49545 0.572947 0.559364 0.774782 0.612179 0.482073 0.541295 0.482939 0.450015 0.488244 0.431616 0.420107 0.414018 0.429089 0.428527 0.425169 -9999 -9999 -9999 -9999 -9999 -9999 -9999 -9999 -9999
-9999 -9999 -9999 -9999 -9999 -9999 -9999 -9999 -9999 -9999 -9999 -9999 -9999 -9999 -9999 -9999 -9999 -9999 -9999 -9999 -9999 -9999 -9999 -9999 -9999 -9999 -9999 -9999 -9999 -9999 0.384663 0.409089 0.383978 0.385983 0.213439 0.380619 0.22466 0.372774 0.339431 0.406092 0.412539 0.413497 0.442857 0.395215 0.454043 0.493505 0.580351 0.489821 0.731757 0.543357 0.464184 0.39443 0.466886 0.458957 0.442418 0.472766 0.459004 0.412788 -9999 0.43061 0.420998 -9999 -9999 0.401242 -9999 -9999 -9999 -9999 -9999 -9999
-9999 -9999 -9999 -9999 -9999 -9999 -9999 -9999 -9999 -9999 -9999 -9999 -9999 -9999 -9999 -9999 -9999 -9999 -9999 -9999 -9999 -9999 -9999 -9999 -9999 -9999 -9999 -9999 -9999 0.36343 0.365113 0.365181 0.386672 0.369169 0.354372 0.371357 0.367305 0.3685 0.382265 0.399747 0.400853 0.402502 0.415238 0.43839 0.357407 0.490876 0.513098 0.557725 0.774155 0.377484 0.406982 0.409198 0.464007 0.43466 0.42863 0.361134 0.409986 0.463963 0.442218 -9999 0.413896 0.411078 -9999 -9999 -9999 -9999 -9999 -9999 -9999 -9999
-9999 -9999 -9999 -9999 -9999 -9999 -9999 -9999 -9999 -9999 -9999 -9999 -9999 -9999 -9999 -9999 -9999 -9999 -9999 -9999 -9999 -9999 -9999 -9999 -9999 -9999 -9999 -9999 -9999 -9999 0.330806 0.25991 0.34659 0.376942 0.358685 0.357071 0.32348 0.332026 0.369883 0.428503 0.4002 0.398817 0.408294 0.412979 0.437197 0.393602 0.50028 0.487918 0.479637 0.384947 0.437785 0.392116 0.371009 0.347859 0.426759 0.449823 0.406934 0.415097 0.378962 0.3777 0.37325 0.408222 0.408297 -9999 -9999 -9999 -9999 -9999 -9999 -9999
-9999 -9999 -9999 -9999 -9999 -9999 -9999 -9999 -9999 -9999 -9999 -9999 -9999 -9999 -9999 -9999 -9999 -9999 -9999 -9999 -9999 -9999 -9999 -9999 -9999 -9999 -9999 -9999 -9999 -9999 0.329311 -9999 0.240839 0.338032 0.355332 0.356519 0.360011 0.367275 0.366213 0.412937 0.398836 0.399982 0.414707 0.364512 0.423603 0.426963 0.467058 0.433067 0.47846 0.40124 0.463106 0.387244 0.377727 0.420478 0.45041 0.370499 0.32814 0.387912 0.399597 0.363279 0.370163 0.401995 0.407429 0.415704 -9999 -9999 -9999 -9999 -9999 -9999
-9999 -9999 -9999 -9999 -9999 -9999 -9999 -9999 -9999 -9999 -9999 -9999 -9999 -9999 -9999 -9999 -9999 -9999 -9999 -9999 -9999 -9999 -9999 -9999 -9999 -9999 -9999 -9999 -9999 0.331668 -9999 0.311002 0.321179 -9999 0.34887 0.343364 0.363276 0.366266 0.337783 0.384824 0.372578 0.416846 0.392036 0.403489 0.33826 0.400149 0.420612 0.458585 0.569637 0.495536 0.464039 0.474351 0.423867 0.40439 0.376757 0.353356 0.321377 0.305973 0.377849 0.42409 0.411422 0.383083 0.401739 0.430797 -9999 0.45461 -9999 -9999 -9999 -9999
-9999 -9999 -9999 -9999 -9999 -9999 -9999 -9999 -9999 -9999 -9999 -9999 -9999 -9999 -9999 -9999 -9999 -9999 -9999 -9999 -9999 -9999 -9999 -9999 -9999 -9999 -9999 -9999 -9999 -9999 -9999 -9999 -9999 -9999 0.346035 0.34985 0.359745 0.378933 0.378141 0.360001 0.404313 0.402103 0.381315 0.411815 0.45778 0.557023 0.458247 0.5054 0.555271 0.431404 0.454996 0.451132 0.392505 0.39723 0.376599 0.381791 0.35805 0.344872 0.370321 0.423058 0.427166 0.431375 0.437409 0.450525 -9999 -9999 0.466492 -9999 -9999 -9999
-9999 -9999 -9999 -9999 -9999 -9999 -9999 -9999 -9999 -9999 -9999 -9999 -9999 -9999 -9999 -9999 -9999 -9999 -9999 -9999 -9999 -9999 -9999 -9999 -9999 -9999 -9999 -9999 -9999 -9999 -9999 -9999 -9999 -9999 0.344724 0.339964 0.276171 0.377408 0.378423 0.410978 0.436838 0.444881 -9999 0.349703 0.418072 0.430645 0.439993 0.555881 0.498238 0.430919 0.444439 0.415502 0.428142 0.345569 0.309999 0.438877 0.44111 0.380971 0.428581 0.434876 0.413634 0.45469 0.444172 -9999 0.477617 0.476135 -9999 0.465489 -9999 0.435364
