inst/extdata/outputs/jambulina_test_Env_1_final_Z.asc
ncols         100
nrows         79
xllcorner     148.06
yllcorner     -21.49
cellsize      0.01
NODATA_value  -9999
[rows 32 to 63 of 79, columns 0 to 71 of 100]
-9999 -9999 -9999 -9999 -9999 -9999 -9999 -9999 -9999 -9999 -9999 -9999 -9999 -9999 -9999 -9999 -9999 -9999 -9999 -9999 -9999 -9999 -9999 -9999 -9999 39.2499 -9999 39.4662 39.5241 -9999 39.5044 39.4428 39.7528 39.4041 39.3732 39.5423 39.7095 39.5777 39.5256 39.428 39.0467 38.7422 38.506 38.5504 38.5357 38.33 38.2579 38.3531 38.3323 38.4183 38.4293 38.4283 38.3234 38.1525 38.16 38.1908 37.9757 37.9796 38.1556 38.5424 38.6433 38.7512 38.7671 38.8889 39.4173 -9999 -9999 39.3947 39.4076 -9999 -9999 -9999
-9999 -9999 -9999 -9999 -9999 -9999 -9999 -9999 -9999 -9999 -9999 -9999 -9999 -9999 -9999 -9999 -9999 -9999 -9999 -9999 -9999 -9999 -9999 -9999 39.194 39.2253 39.2802 39.382 -9999 39.4415 39.4119 39.2897 39.4152 39.5421 39.666 39.7091 39.635 39.569 39.383 39.4035 39.293 38.9094 38.766 38.7647 38.7787 38.5516 38.4838 38.3424 38.3221 38.3385 38.4078 38.3392 38.2282 38.1907 38.3089 38.1813 38.1786 38.1772 38.2348 38.5314 38.5557 38.7111 38.8693 39.2616 39.477 -9999 39.3555 39.3609 -9999 -9999 -9999 -9999
-9999 -9999 -9999 -9999 -9999 -9999 -9999 -9999 -9999 -9999 -9999 -9999 -9999 -9999 -9999 -9999 -9999 -9999 -9999 -9999 -9999 -9999 -9999 39.1324 39.1978 39.1978 -9999 39.3352 39.3632 39.6296 39.3377 39.4996 39.3783 39.2229 39.1337 39.2919 39.2231 39.3416 39.3122 39.2455 39.191 39.2543 39.2058 39.1016 38.8273 38.818 38.5518 38.2488 38.2417 38.249 38.3264 38.2421 38.2501 38.4394 38.3289 38.1881 38.4434 38.5256 38.5502 38.4358 38.4397 38.6363 38.849 39.3362 39.3702 39.5478 39.3658 39.3282 39.2973 -9999 39.2657 -9999
-9999 -9999 -9999 -9999 -9999 -9999 -9999 -9999 -9999 -9999 -9999 -9999 -9999 -9999 -9999 -9999 -9999 -9999 -9999 -9999 -9999 39.2585 -9999 39.1327 39.1805 39.1241 39.2519 39.3213 39.2601 39.1 39.1788 39.2439 39.1855 39.1479 38.9283 38.8886 39.0804 38.9897 38.9709 38.9684 38.9216 38.844 38.9027 39.0445 38.8585 38.6602 38.5627 38.3445 38.2456 38.2379 38.2431 38.2261 38.4255 38.7452 38.5615 38.4373 38.8138 38.9759 38.8778 38.4626 38.5402 38.5574 38.99 39.0083 38.9164 39.267 39.4454 39.3143 39.2224 39.1992 -9999 -9999
-9999 -9999 -9999 -9999 -9999 -9999 -9999 -9999 -9999 -9999 -9999 -9999 -9999 -9999 -9999 -9999 -9999 -9999 -9999 -9999 -9999 39.3403 39.2452 39.1351 39.1334 39.2111 39.3019 39.6186 39.3201 39.4276 39.1465 39.1227 39.0753 38.9421 38.7733 38.8826 38.928 38.9126 38.7509 38.9114 38.9056 38.605 38.7582 38.9003 38.7924 38.5741 38.521 38.3573 38.3224 38.3589 38.3405 38.3428 38.4774 38.806 38.9431 38.6487 39.0913 39.3537 39.203 38.863 38.8464 38.9746 39.1868 39.3372 39.3106 39.434 39.3311 39.2815 39.1154 39.1523 39.243 39.2246
-9999 -9999 -9999 -9999 -9999 -9999 -9999 -9999 -9999 -9999 -9999 -9999 -9999 -9999 -9999 -9999 -9999 -9999 -9999 39.4101 39.4801 39.748 39.222 39.2321 39.1346 39.1385 39.5957 39.2542 39.2654 39.6361 39.5588 39.4707 39.2167 39.0338 38.8353 38.5417 38.5065 38.4434 38.4353 38.5472 38.5702 38.6004 38.6453 38.9183 38.7896 38.7109 38.5268 38.4548 38.452 38.4712 38.5121 38.525 38.6861 39.0677 39.0554 38.8509 39.3652 39.0907 39.2048 39.0706 38.8587 39.3958 39.4685 39.7013 -9999 39.338 39.3311 39.3653 39.2503 39.2038 -9999 -9999
-9999 -9999 -9999 -9999 -9999 -9999 -9999 -9999 -9999 -9999 -9999 -9999 -9999 -9999 -9999 -9999 -9999 -9999 -9999 -9999 -9999 39.4116 39.3468 39.5549 39.1383 39.1295 39.1478 39.2416 38.9703 39.1258 39.0346 39.1171 39.5621 39.3649 39.0878 38.6583 38.3744 38.371 38.2298 38.3366 38.4903 38.4423 38.4994 38.7523 38.6517 38.5511 38.5229 38.4696 38.5662 38.7185 38.7361 38.8488 39.1212 39.3386 39.1266 39.2537 39.1364 39.1512 39.2059 39.351 39.0933 39.2854 39.2841 39.4618 39.3743 39.3472 39.3277 -9999 -9999 -9999 39.2167 39.2212
-9999 -9999 -9999 -9999 -9999 -9999 -9999 -9999 -9999 -9999 -9999 -9999 -9999 -9999 -9999 -9999 -9999 -9999 -9999 -9999 39.4024 39.3749 39.3309 39.2808 39.1358 39.134 39.0853 39.0992 39.1095 38.9942 38.9376 39.0139 39.4533 39.1722 39.2348 39.0956 38.8827 38.8495 38.8155 38.5165 38.7168 38.5711 38.6473 38.6785 38.6241 38.5322 38.5377 38.5692 38.7958 38.9553 39.1347 39.4115 39.1327 39.4257 38.8983 39.0663 39.324 39.2405 39.306 39.7358 39.3378 39.3036 39.3237 39.4137 39.3753 39.3574 -9999 -9999 -9999 39.2438 -9999 39.2226
-9999 -9999 -9999 -9999 -9999 -9999 -9999 -9999 -9999 -9999 -9999 -9999 -9999 -9999 -9999 -9999 39.4024 -9999 -9999 -9999 -9999 39.4129 39.371 39.3436 39.4232 39.1593 39.109 39.0904 39.0659 39.0219 38.9744 38.9099 39.2887 39.1836 39.1325 39.1978 39.1661 39.1028 39.0222 38.8676 38.8663 38.8043 38.5913 38.5867 38.5439 38.5179 38.5864 38.7736 38.8463 38.9787 39.4798 39.1911 39.2047 39.0958 38.9836 39.181 39.3476 -9999 39.3327 -9999 39.4748 39.3594 -9999 -9999 39.3711 -9999 -9999 -9999 39.2658 39.25 -9999 39.225
-9999 -9999 -9999 -9999 -9999 -9999 -9999 -9999 -9999 -9999 -9999 -9999 -9999 -9999 -9999 -9999 -9999 -9999 -9999 -9999 39.4688 39.4834 -9999 39.4181 39.5222 39.2742 39.1182 39.0734 39.1112 39.0414 38.9905 39.0305 39.292 38.9693 38.8155 39.0636 39.0041 39.1578 39.1468 38.9888 38.9245 38.9763 38.5612 38.543 38.5477 38.5502 38.8404 39.1245 39.1049 38.9997 39.5061 39.2791 39.5439 39.2875 39.2407 39.6803 -9999 39.3222 39.3372 -9999 39.3906 -9999 -9999 39.3786 -9999 -9999 -9999 -9999 -9999 -9999 -9999 -9999
-9999 -9999 -9999 -9999 -9999 -9999 -9999 -9999 -9999 -9999 -9999 -9999 -9999 -9999 -9999 -9999 -9999 -9999 -9999 39.474 -9999 39.552 39.7662 39.4841 39.4235 39.3695 39.2586 39.1026 39.0989 39.0495 38.9453 39.0435 39.0331 38.8617 38.7758 38.8376 38.8419 38.9855 39.0201 38.9649 38.8461 38.8602 38.9106 38.8497 38.8622 39.065 38.9638 39.4991 39.0944 39.0848 39.1861 39.2329 39.2688 -9999 -9999 39.3619 39.3523 39.342 -9999 -9999 39.3803 39.3867 -9999 -9999 -9999 -9999 -9999 -9999 -9999 -9999 -9999 39.2296
-9999 -9999 -9999 -9999 -9999 -9999 -9999 -9999 -9999 -9999 -9999 -9999 -9999 -9999 -9999 -9999 39.4024 -9999 -9999 -9999 -9999 -9999 -9999 39.5519 39.5091 39.7881 39.5716 39.393 39.2435 39.114 38.9394 38.9335 39.0476 38.9393 38.9668 38.8406 38.8593 38.9182 38.9909 38.9111 38.7849 38.9726 38.855 38.9588 39.5188 39.0368 39.0384 39.088 39.0789 39.0936 39.121 39.1803 39.2325 39.2952 -9999 -9999 -9999 39.3401 39.35 -9999 -9999 -9999 39.4058 -9999 -9999 -9999 -9999 -9999 -9999 -9999 -9999 -9999
-9999 -9999 -9999 -9999 -9999 -9999 -9999 -9999 -9999 -9999 -9999 -9999 -9999 -9999 -9999 -9999 -9999 -9999 -9999 -9999 -9999 -9999 -9999 -9999 39.538 39.5843 39.7946 39.7555 39.558 39.2891 39.0447 39.0271 39.1678 39.2216 39.1244 38.9676 38.6464 38.6345 38.6532 38.7254 38.6966 38.8198 38.6341 38.9003 39.2906 -9999 -9999 39.0832 39.027 39.0489 39.0812 -9999 39.2338 39.2994 -9999 39.3463 39.3469 -9999 39.3365 -9999 39.3988 39.4167 -9999 -9999 -9999 -9999 -9999 -9999 -9999 -9999 -9999 -9999
-9999 -9999 -9999 -9999 -9999 -9999 -9999 -9999 -9999 -9999 -9999 -9999 -9999 -9999 -9999 -9999 -9999 -9999 -9999 -9999 -9999 -9999 -9999 -9999 -9999 39.5921 39.6104 39.7833 39.6749 39.4528 39.0011 39.0134 39.1469 39.1644 39.195 38.9184 38.7598 38.7081 38.7114 38.8124 38.6783 38.7449 38.8377 38.9142 39.0115 39.4201 39.2543 39.4576 38.9845 38.9513 39.06 -9999 -9999 39.3437 39.3601 39.3643 39.3429 39.3161 39.3277 39.2441 39.4831 39.4346 39.4308 39.4332 -9999 -9999 -9999 -9999 -9999 -9999 -9999 -9999
-9999 -9999 -9999 -9999 -9999 -9999 -9999 -9999 -9999 -9999 -9999 -9999 -9999 -9999 -9999 -9999 -9999 -9999 -9999 -9999 -9999 -9999 -9999 -9999 -9999 -9999 39.5953 39.5804 39.619 39.641 39.2505 39.1669 39.0072 39.1389 39.1811 39.034 38.92 38.8284 38.8448 38.8605 38.8778 38.913 38.9324 38.9664 38.9622 38.9002 38.7129 38.8617 38.8473 38.8956 39.2705 39.3747 39.4488 39.5859 39.3771 39.4678 39.3188 39.1409 39.3562 39.3108 39.4661 39.4383 39.4328 39.4346 -9999 -9999 -9999 -9999 -9999 -9999 -9999 -9999
-9999 -9999 -9999 -9999 -9999 -9999 -9999 -9999 -9999 -9999 -9999 -9999 -9999 -9999 -9999 -9999 -9999 -9999 -9999 -9999 -9999 -9999 -9999 -9999 39.6105 39.6104 -9999 39.5907 39.5781 39.744 39.4212 39.2542 38.9941 39.1482 39.1606 39.0244 38.9027 39.0141 38.8897 38.9726 38.9142 38.9143 38.9134 38.9729 38.8634 38.8041 38.7353 38.7214 38.6678 38.6824 38.6684 38.8203 39.0554 39.3361 39.403 39.3783 39.3819 39.401 39.4295 39.5385 39.4563 39.4411 39.4381 -9999 -9999 -9999 -9999 -9999 -9999 -9999 -9999 -9999
-9999 -9999 -9999 -9999 -9999 -9999 -9999 -9999 -9999 -9999 -9999 -9999 -9999 -9999 -9999 -9999 -9999 -9999 -9999 -9999 -9999 -9999 -9999 -9999 -9999 -9999 -9999 39.6047 39.6131 39.7875 39.5927 39.3946 39.0726 39.1356 39.119 39.1464 39.0418 39.0746 39.0186 38.9836 38.9403 38.8933 38.9377 38.8759 38.8352 38.7474 38.6566 38.6677 38.7185 38.6523 38.6364 38.65 38.8218 39.2732 39.4343 39.4245 39.4335 39.4336 39.4544 39.6197 39.49 39.4626 39.4544 39.4497 -9999 -9999 -9999 -9999 -9999 -9999 -9999 -9999
-9999 -9999 -9999 -9999 -9999 -9999 -9999 -9999 -9999 -9999 -9999 -9999 -9999 -9999 -9999 -9999 -9999 -9999 -9999 -9999 -9999 -9999 -9999 -9999 -9999 -9999 39.6186 -9999 39.6533 39.7834 39.6284 39.4611 39.1728 39.0241 38.9989 39.0268 39.0671 39.0867 39.0781 38.9954 38.9643 38.8572 38.8922 38.7993 38.7669 38.7461 38.7448 38.7083 38.7125 38.6397 38.7357 38.8191 38.8708 39.2757 39.4369 39.4328 39.4499 39.4481 39.4643 39.4924 -9999 39.4744 39.4695 -9999 -9999 -9999 -9999 -9999 -9999 -9999 -9999 -9999
-9999 -9999 -9999 -9999 -9999 -9999 -9999 -9999 -9999 -9999 -9999 -9999 -9999 -9999 -9999 -9999 -9999 -9999 -9999 -9999 -9999 -9999 -9999 -9999 39.6007 -9999 39.6116 -9999 -9999 -9999 39.5583 39.5273 39.2121 39.0303 38.9112 39.0217 39.0415 39.0497 39.0484 39.0153 38.9397 38.9084 38.9799 38.9025 38.818 38.7616 38.7539 38.728 38.7014 38.6373 38.7647 38.9735 39.0708 39.2645 39.4098 39.7021 39.575 39.4793 39.4776 -9999 -9999 -9999 39.4752 39.472 -9999 -9999 -9999 -9999 -9999 -9999 -9999 -9999
-9999 -9999 -9999 -9999 -9999 -9999 -9999 -9999 -9999 -9999 -9999 -9999 -9999 -9999 -9999 -9999 -9999 -9999 -9999 -9999 -9999 -9999 -9999 -9999 -9999 -9999 39.6051 39.6015 39.5742 39.5484 39.5247 39.6643 39.2826 39.1803 39.0453 39.0574 39.0502 39.0266 39.0422 39.0204 38.921 38.9117 38.9153 38.929 38.8075 38.7491 38.6062 38.5845 38.6588 38.5434 38.5645 38.86 39.1648 39.3825 39.4068 39.5137 39.5471 39.4814 39.5034 39.4895 39.4946 39.4919 -9999 -9999 -9999 -9999 -9999 -9999 -9999 -9999 -9999 -9999
-9999 -9999 -9999 -9999 -9999 -9999 -9999 -9999 -9999 -9999 -9999 -9999 -9999 -9999 -9999 -9999 -9999 -9999 -9999 -9999 -9999 -9999 -9999 -9999 -9999 -9999 -9999 -9999 39.5659 39.5488 39.5354 -9999 39.6298 39.3142 39.2084 39.3539 39.3247 39.0774 39.0402 39.0474 39.0155 38.9132 38.9255 38.9734 38.8763 38.7668 38.5373 38.5129 38.5811 38.5616 38.5757 38.7711 38.9489 39.1695 39.3427 39.4036 39.4469 39.4269 39.446 39.4788 39.4811 39.4853 -9999 -9999 -9999 -9999 -9999 -9999 -9999 -9999 -9999 -9999
-9999 -9999 -9999 -9999 -9999 -9999 -9999 -9999 -9999 -9999 -9999 -9999 -9999 -9999 -9999 -9999 -9999 -9999 -9999 -9999 -9999 -9999 -9999 -9999 -9999 -9999 39.5782 -9999 39.5785 39.5592 39.6925 39.4848 39.4445 39.3968 39.3748 39.5833 39.4475 39.2947 39.1799 39.3245 39.0792 39.0254 39.0019 38.9307 38.8722 38.8195 38.8376 38.5486 38.5635 38.6395 38.7174 38.9102 38.9215 39.1602 39.4391 39.4629 39.588 39.4879 39.4742 39.4738 39.471 39.4752 -9999 -9999 -9999 -9999 -9999 -9999 -9999 -9999 -9999 -9999
-9999 -9999 -9999 -9999 -9999 -9999 -9999 -9999 -9999 -9999 -9999 -9999 -9999 -9999 -9999 -9999 -9999 -9999 -9999 -9999 -9999 -9999 -9999 -9999 -9999 -9999 -9999 39.5469 -9999 39.5154 39.4894 39.4537 39.4415 39.5943 39.4579 39.4429 39.6139 39.4388 39.3862 39.1803 39.0776 39.0852 39.0826 38.9947 38.9703 38.9568 38.8132 38.7621 38.5792 38.744 38.8905 38.9692 39.0096 39.2133 39.3609 39.5308 39.5479 39.564 39.473 39.4567 39.4596 -9999 -9999 -9999 -9999 -9999 -9999 -9999 -9999 -9999 -9999 -9999
-9999 -9999 -9999 -9999 -9999 -9999 -9999 -9999 -9999 -9999 -9999 -9999 -9999 -9999 -9999 -9999 -9999 -9999 -9999 -9999 -9999 -9999 -9999 -9999 -9999 -9999 -9999 -9999 -9999 -9999 39.4143 39.3438 39.3991 39.3881 39.6721 39.433 39.6432 39.4358 39.4104 39.2218 39.077 39.0364 38.9275 38.9367 38.9186 38.9394 38.7952 38.8156 38.617 38.8205 39.0637 39.2874 39.3857 39.4714 39.5627 39.401 39.4455 39.5479 -9999 39.4333 39.4552 -9999 -9999 39.4931 -9999 -9999 -9999 -9999 -9999 -9999 -9999 -9999
-9999 -9999 -9999 -9999 -9999 -9999 -9999 -9999 -9999 -9999 -9999 -9999 -9999 -9999 -9999 -9999 -9999 -9999 -9999 -9999 -9999 -9999 -9999 -9999 -9999 -9999 -9999 -9999 -9999 39.4475 39.4329 39.4118 39.2868 39.4085 39.451 39.446 39.3699 39.3047 39.3015 39.2492 39.1487 39.043 38.952 38.8783 38.9849 38.8671 38.8486 38.7568 38.5827 38.9444 39.1827 39.2781 39.0304 39.426 39.4161 39.3588 39.5684 39.3648 39.3447 -9999 39.4632 39.4817 -9999 -9999 -9999 -9999 -9999 -9999 -9999 -9999 -9999 -9999
-9999 -9999 -9999 -9999 -9999 -9999 -9999 -9999 -9999 -9999 -9999 -9999 -9999 -9999 -9999 -9999 -9999 -9999 -9999 -9999 -9999 -9999 -9999 -9999 -9999 -9999 -9999 -9999 -9999 -9999 39.4761 39.5661 39.4385 39.3306 39.4209 39.4218 39.4644 39.4074 39.246 39.116 39.0575 39.0245 38.9728 38.9431 38.878 38.9395 38.8468 38.8137 38.8224 38.941 39.0283 39.2049 39.3519 39.4468 39.0159 38.9537 39.3637 39.081 39.2588 39.3447 39.5937 39.4985 39.4922 -9999 -9999 -9999 -9999 -9999 -9999 -9999 -9999 -9999
-9999 -9999 -9999 -9999 -9999 -9999 -9999 -9999 -9999 -9999 -9999 -9999 -9999 -9999 -9999 -9999 -9999 -9999 -9999 -9999 -9999 -9999 -9999 -9999 -9999 -9999 -9999 -9999 -9999 -9999 39.4782 -9999 39.5976 39.4488 39.4239 39.4171 39.353 39.3518 39.2801 39.2267 39.0932 39.047 38.9416 38.977 38.9177 38.9195 38.8717 38.8955 38.8416 38.9178 38.9008 39.1991 39.2523 39.0636 38.9525 39.2295 39.4211 39.0586 39.0987 39.311 39.569 39.497 39.4909 39.4809 -9999 -9999 -9999 -9999 -9999 -9999 -9999 -9999
-9999 -9999 -9999 -9999 -9999 -9999 -9999 -9999 -9999 -9999 -9999 -9999 -9999 -9999 -9999 -9999 -9999 -9999 -9999 -9999 -9999 -9999 -9999 -9999 -9999 -9999 -9999 -9999 -9999 39.4734 -9999 39.4992 39.4859 -9999 39.4425 39.4794 39.3979 39.3266 39.3904 39.4108 39.239 39.0477 39.0117 38.9478 38.9915 38.9325 38.9082 38.8562 38.7409 38.8133 38.8798 38.9052 39.0201 39.0827 39.1603 39.2667 39.4067 39.4908 39.6097 39.4244 39.4688 39.5117 39.5014 39.4657 -9999 39.4059 -9999 -9999 -9999 -9999 -9999 -9999
-9999 -9999 -9999 -9999 -9999 -9999 -9999 -9999 -9999 -9999 -9999 -9999 -9999 -9999 -9999 -9999 -9999 -9999 -9999 -9999 -9999 -9999 -9999 -9999 -9999 -9999 -9999 -9999 -9999 -9999 -9999 -9999 -9999 -9999 39.4476 39.4465 39.4237 39.3795 39.3073 39.3977 39.0774 39.0718 39.1807 39.0091 38.9026 38.7724 38.8582 38.808 38.7677 38.888 38.8952 38.9065 39.0488 39.0455 39.0982 39.1034 39.2322 39.3405 39.6077 39.4586 39.4686 39.4723 39.4657 39.4453 -9999 -9999 39.348 -9999 -9999 -9999 -9999 -9999
-9999 -9999 -9999 -9999 -9999 -9999 -9999 -9999 -9999 -9999 -9999 -9999 -9999 -9999 -9999 -9999 -9999 -9999 -9999 -9999 -9999 -9999 -9999 -9999 -9999 -9999 -9999 -9999 -9999 -9999 -9999 -9999 -9999 -9999 39.4532 39.4653 39.5627 39.4574 39.519 39.3471 39.2165 39.2039 -9999 39.3944 39.0526 38.8939 38.8746 38.7588 38.8076 38.8902 38.9097 38.9337 38.9394 39.2635 39.4594 39.2497 39.3297 39.6126 39.4498 39.4539 39.5729 39.4695 39.5255 -9999 39.3583 39.3331 -9999 39.3374 -9999 39.3847 -9999 -9999
-9999 -9999 -9999 -9999 -9999 -9999 -9999 -9999 -9999 -9999 -9999 -9999 -9999 -9999 -9999 -9999 -9999 -9999 -9999 -9999 -9999 -9999 -9999 -9999 -9999 -9999 -9999 -9999 -9999 -9999 39.4976 -9999 -9999 -9999 -9999 -9999 -9999 -9999 39.5338 39.3724 -9999 -9999 39.7092 39.4099 39.3437 38.8957 38.8732 38.7402 38.8442 38.977 38.9396 39.0044 38.9314 38.9465 39.1786 39.3755 39.4598 39.5159 39.4149 39.4059 39.4026 39.3594 39.3435 39.3052 -9999 39.315 39.3153 39.3361 39.362 -9999 -9999 39.4262
-9999 -9999 -9999 -9999 -9999 -9999 -9999 -9999 -9999 -9999 -9999 -9999 -9999 -9999 -9999 -9999 -9999 -9999 -9999 -9999 -9999 -9999 -9999 -9999 -9999 -9999 -9999 -9999 -9999 -9999 -9999 -9999 -9999 -9999 -9999 -9999 -9999 39.4285 39.4179 39.3895 39.3574 39.3505 39.3553 39.2937 39.3364 39.0971 38.9211 38.8534 38.9221 38.9859 38.9851 38.947 38.8855 38.9103 39.1833 39.4243 39.4076 39.4993 39.3695 39.3536 -9999 39.2921 39.2199 39.3814 39.5067 39.2779 39.3254 39.3684 -9999 -9999 39.4309 -9999
